f1,f2,f3,f4,f5,f6,f7,f8,f9,f10,label
0.212454,0.0769231,0.0989011,0.0769231,0.0952381,0.0732601,0.0952381,0.0989011,0.102564,0.0695971,0
0.205036,0.0863309,0.0719424,0.0503597,0.0827338,0.0935252,0.111511,0.115108,0.125899,0.057554,0
0.213559,0.0813559,0.108475,0.0677966,0.0949153,0.0949153,0.0813559,0.0915254,0.115254,0.0508475,0
0.228571,0.0892857,0.0892857,0.0392857,0.0964286,0.05,0.110714,0.110714,0.114286,0.0714286,0
0.196787,0.0883534,0.108434,0.0481928,0.0963855,0.0722892,0.0883534,0.144578,0.0923695,0.064257,0
0.182836,0.0708955,0.123134,0.0671642,0.108209,0.0858209,0.0746269,0.100746,0.119403,0.0671642,0
0.154676,0.107914,0.0935252,0.0935252,0.0971223,0.0827338,0.0755396,0.115108,0.125899,0.0539568,0
0.149502,0.0797342,0.0996678,0.10299,0.106312,0.0697674,0.0730897,0.126246,0.0930233,0.0996678,0
0.18254,0.0952381,0.0992064,0.0952381,0.103175,0.0912698,0.0952381,0.103175,0.0714286,0.0634921,0
0.172161,0.0915751,0.113553,0.0952381,0.0989011,0.0732601,0.0952381,0.0952381,0.102564,0.0622711,0
0.195402,0.0804598,0.103448,0.0727969,0.0881226,0.0804598,0.0842912,0.10728,0.114943,0.0727969,0
0.178451,0.0606061,0.124579,0.0572391,0.0841751,0.0774411,0.0909091,0.0976431,0.13468,0.0942761,0
0.134752,0.0780142,0.120567,0.070922,0.0992908,0.0992908,0.0992908,0.0851064,0.138298,0.0744681,0
0.151724,0.0793103,0.110345,0.1,0.0689655,0.0758621,0.0862069,0.113793,0.124138,0.0896552,0
0.152416,0.0855019,0.0743494,0.0780669,0.0855019,0.0929368,0.0780669,0.126394,0.126394,0.100372,0
0.156923,0.0738462,0.0892308,0.0923077,0.101538,0.0984615,0.0738462,0.101538,0.126154,0.0861538,0
0.190769,0.101538,0.0646154,0.0830769,0.116923,0.0676923,0.123077,0.0523077,0.126154,0.0738462,0
0.139601,0.0797721,0.0769231,0.0883191,0.0940171,0.0740741,0.116809,0.119658,0.131054,0.0797721,0
0.152047,0.0877193,0.0672515,0.0730994,0.0994152,0.0672515,0.125731,0.105263,0.137427,0.0847953,0
0.145773,0.0758018,0.090379,0.0932945,0.0728863,0.0816327,0.116618,0.113703,0.145773,0.0641399,0
0.149333,0.0933333,0.0773333,0.0933333,0.0853333,0.08,0.114667,0.0826667,0.138667,0.0853333,0
0.181319,0.0879121,0.0906593,0.0549451,0.104396,0.0741758,0.0824176,0.131868,0.0989011,0.0934066,0
0.19888,0.0728291,0.0896359,0.0784314,0.0784314,0.0896359,0.0672269,0.106443,0.131653,0.0868347,0
0.175393,0.0890052,0.0837696,0.0837696,0.091623,0.065445,0.078534,0.0837696,0.128272,0.120419,0
0.189055,0.0995025,0.0771144,0.0721393,0.079602,0.0771144,0.0572139,0.0920398,0.121891,0.134328,0
0.202817,0.084507,0.056338,0.084507,0.0873239,0.0422535,0.0732394,0.107042,0.112676,0.149296,0
0.202454,0.0705521,0.0766871,0.0644172,0.0981595,0.0736196,0.0828221,0.0920245,0.116564,0.122699,0
0.170507,0.0829493,0.112903,0.0691244,0.115207,0.0529954,0.101382,0.09447,0.0852535,0.115207,0
0.164045,0.103371,0.0988764,0.0539326,0.103371,0.047191,0.0898876,0.0876404,0.094382,0.157303,0
0.155303,0.0909091,0.092803,0.0681818,0.0984849,0.0643939,0.123106,0.0757576,0.104167,0.126894,0
0.136201,0.0842294,0.078853,0.0681004,0.103943,0.0483871,0.116487,0.0860215,0.103943,0.173835,0
0.153704,0.0925926,0.087037,0.0703704,0.1,0.0444444,0.114815,0.0888889,0.107407,0.140741,0
0.164021,0.0661376,0.0793651,0.0714286,0.0899471,0.0634921,0.10582,0.0978836,0.132275,0.12963,0
0.153846,0.0769231,0.0901857,0.0795756,0.0954907,0.0530504,0.108753,0.0954907,0.119363,0.127321,0
0.168022,0.0813008,0.0677507,0.0704607,0.0704607,0.0433604,0.116531,0.100271,0.111111,0.170732,0
0.159686,0.0680628,0.0759162,0.0811518,0.078534,0.0445026,0.128272,0.0759162,0.120419,0.167539,0
0.15285,0.0699482,0.0880829,0.0829016,0.0906736,0.0440415,0.101036,0.0673575,0.126943,0.176166,0
0.194986,0.0835655,0.0807799,0.0835655,0.0947075,0.0696379,0.0891365,0.0947075,0.130919,0.0779944,0
0.18984,0.0695187,0.0534759,0.104278,0.0855615,0.0721925,0.112299,0.106952,0.114973,0.0909091,0
0.188482,0.0732984,0.0602094,0.0994764,0.0680628,0.091623,0.112565,0.0994764,0.120419,0.0863874,0
0.163934,0.068306,0.0710382,0.114754,0.0765027,0.0737705,0.10929,0.117486,0.106557,0.0983607,0
0.172603,0.0958904,0.0575342,0.0821918,0.0849315,0.0547945,0.0931507,0.120548,0.106849,0.131507,0
0.152993,0.108647,0.0798226,0.104213,0.104213,0.0776053,0.101996,0.0576497,0.101996,0.110865,0
0.155756,0.106095,0.0812641,0.0857788,0.0880361,0.0902935,0.13544,0.0632054,0.0925508,0.10158,0
0.180365,0.0821918,0.0799087,0.0730594,0.0913242,0.086758,0.0981735,0.0981735,0.100457,0.109589,0
0.180467,0.0870488,0.0849257,0.0806794,0.0912951,0.0934183,0.101911,0.0785563,0.10828,0.0934183,0
0.176072,0.0902935,0.0790068,0.0880361,0.108352,0.0812641,0.0970655,0.0722348,0.115124,0.0925508,0
0.174107,0.0848214,0.116071,0.0625,0.09375,0.09375,0.0892857,0.111607,0.120536,0.0535714,0
0.15748,0.0866142,0.137795,0.0866142,0.0866142,0.106299,0.0748032,0.0748032,0.125984,0.0629921,0
0.144068,0.0762712,0.139831,0.059322,0.0847458,0.152542,0.0720339,0.0932203,0.105932,0.0720339,0
0.149378,0.0912863,0.128631,0.0622407,0.0995851,0.145228,0.0746888,0.0829876,0.0829876,0.0829876,0
0.137097,0.0967742,0.108871,0.0645161,0.108871,0.120968,0.0846774,0.0725806,0.116935,0.0887097,0
0.142857,0.0816327,0.0816327,0.0571429,0.0897959,0.134694,0.122449,0.077551,0.138775,0.0734694,0
0.0995763,0.0889831,0.108051,0.116525,0.0762712,0.0868644,0.120763,0.0805085,0.15678,0.065678,0
0.104255,0.0787234,0.125532,0.12766,0.0893617,0.106383,0.114894,0.0595745,0.131915,0.0617021,0
0.104213,0.0842572,0.10643,0.0886918,0.10643,0.101996,0.135255,0.0776053,0.124169,0.0709534,0
0.118852,0.0676229,0.102459,0.0983607,0.0737705,0.0983607,0.129098,0.0778688,0.161885,0.0717213,0
0.0977131,0.0665281,0.112266,0.120582,0.0831601,0.112266,0.0977131,0.0852391,0.147609,0.0769231,0
0.187166,0.0641711,0.0748663,0.0561497,0.0668449,0.040107,0.0935829,0.109626,0.13369,0.173797,0
0.192837,0.077135,0.0633609,0.0385675,0.0936639,0.0358127,0.0881543,0.0964187,0.137741,0.176309,0
0.180328,0.0655738,0.0710382,0.0601093,0.0819672,0.0437158,0.0928962,0.103825,0.101093,0.199454,0
0.170604,0.0787402,0.0761155,0.0472441,0.0892388,0.0446194,0.0892388,0.102362,0.110236,0.191601,0
0.167568,0.072973,0.0675676,0.0540541,0.0810811,0.0513514,0.0945946,0.0972973,0.113514,0.2,0
0.144886,0.105114,0.105114,0.102273,0.09375,0.0767045,0.0738636,0.0767045,0.161932,0.0596591,0
0.195513,0.0833333,0.105769,0.0705128,0.099359,0.0833333,0.0769231,0.0897436,0.13141,0.0641026,0
0.233677,0.0756014,0.113402,0.0824742,0.0927835,0.0893471,0.0652921,0.0790378,0.123711,0.0446735,0
0.176871,0.0952381,0.105442,0.0884354,0.0986395,0.0918367,0.0782313,0.0748299,0.142857,0.047619,0
0.199324,0.10473,0.0878378,0.0912162,0.10473,0.0709459,0.0945946,0.0709459,0.108108,0.0675676,0
0.185915,0.0647887,0.0788732,0.0704225,0.0901408,0.056338,0.0929577,0.0873239,0.121127,0.152113,0
0.169863,0.0767123,0.0794521,0.0767123,0.0931507,0.0657534,0.0739726,0.117808,0.112329,0.134247,0
0.218659,0.0816327,0.0845481,0.0641399,0.0758018,0.0641399,0.090379,0.0816327,0.125364,0.113703,0
0.183381,0.0716332,0.0830946,0.0888252,0.0802292,0.0687679,0.0716332,0.111748,0.0974212,0.143266,0
0.174157,0.0702247,0.0786517,0.0814607,0.0814607,0.0421348,0.0786517,0.123596,0.120787,0.148876,0
0.142857,0.112637,0.0906593,0.0714286,0.10989,0.0686813,0.104396,0.0631868,0.126374,0.10989,0
0.128266,0.0902613,0.0902613,0.0783848,0.087886,0.0855107,0.0997625,0.0950119,0.125891,0.118765,0
0.165663,0.0753012,0.0813253,0.0662651,0.0993976,0.060241,0.10241,0.0903614,0.144578,0.114458,0
0.154494,0.0646067,0.0842697,0.0730337,0.0814607,0.0561798,0.0955056,0.103933,0.146067,0.140449,0
0.157746,0.084507,0.0816901,0.0535211,0.0676056,0.0507042,0.121127,0.0957746,0.146479,0.140845,0
0.173469,0.0673469,0.0918367,0.0938775,0.0714286,0.0571429,0.118367,0.0795918,0.144898,0.102041,0
0.212919,0.0741627,0.0837321,0.0717703,0.0813397,0.0550239,0.105263,0.0956938,0.114833,0.105263,0
0.219008,0.072314,0.088843,0.0764463,0.0702479,0.0826446,0.10124,0.088843,0.115702,0.0847107,0
0.206278,0.073991,0.0896861,0.058296,0.0829596,0.073991,0.0964126,0.123318,0.116592,0.0784753,0
0.210526,0.0789474,0.0899123,0.0635965,0.0942982,0.0723684,0.10307,0.100877,0.0899123,0.0964912,0
0.163743,0.0994152,0.0672515,0.0701754,0.105263,0.0643275,0.0935673,0.134503,0.119883,0.0818713,0
0.199475,0.0734908,0.0734908,0.0734908,0.0918635,0.0708661,0.112861,0.0971129,0.128609,0.0787402,0
0.154229,0.0696517,0.0572139,0.0845771,0.0920398,0.0845771,0.106965,0.116915,0.139303,0.0945274,0
0.169231,0.074359,0.0692308,0.0820513,0.0769231,0.0794872,0.120513,0.107692,0.123077,0.0974359,0
0.19174,0.0707965,0.079646,0.100295,0.0914454,0.0678466,0.0973451,0.0884956,0.106195,0.106195,0
0.196721,0.101639,0.0754098,0.0754098,0.108197,0.0754098,0.0655738,0.114754,0.104918,0.0819672,0
0.236196,0.0582822,0.095092,0.0705521,0.0920245,0.0828221,0.0705521,0.0981595,0.107362,0.0889571,0
0.210059,0.0857988,0.0591716,0.10355,0.0798817,0.0621302,0.091716,0.127219,0.10355,0.0769231,0
0.203175,0.104762,0.0666667,0.0825397,0.0857143,0.0603175,0.0857143,0.11746,0.101587,0.0920635,0
0.180108,0.0860215,0.0672043,0.0887097,0.104839,0.061828,0.110215,0.102151,0.110215,0.0887097,0
0.126263,0.10101,0.111111,0.0782828,0.0959596,0.0606061,0.128788,0.0959596,0.10101,0.10101,0
0.156812,0.0976864,0.100257,0.0694087,0.105398,0.0514139,0.125964,0.0899743,0.105398,0.0976864,0
0.130548,0.0966057,0.10705,0.0809399,0.114883,0.0574413,0.0861619,0.10705,0.109661,0.109661,0
0.140845,0.121127,0.0957746,0.0788732,0.0957746,0.0591549,0.107042,0.0957746,0.112676,0.0929577,0
0.146067,0.0898876,0.123596,0.0617978,0.106742,0.0814607,0.11236,0.0926966,0.0926966,0.0926966,0
0.164265,0.0864553,0.0979827,0.0691643,0.112392,0.0749279,0.106628,0.100865,0.103746,0.0835735,0
0.214815,0.11358,0.0864198,0.0617284,0.111111,0.0518519,0.0814815,0.0592593,0.120988,0.0987654,0
0.187192,0.0886699,0.103448,0.0837438,0.0812808,0.0665025,0.0788177,0.0714286,0.108374,0.130542,0
0.171084,0.0891566,0.0963855,0.0819277,0.0963855,0.0578313,0.0963855,0.0626506,0.106024,0.142169,0
0.136364,0.0952381,0.0865801,0.0735931,0.0887446,0.0670996,0.0757576,0.11039,0.108225,0.158009,0
0.140271,0.0837104,0.0927602,0.0746606,0.0837104,0.061086,0.0972851,0.0995475,0.115385,0.151584,0
0.178571,0.0833333,0.111111,0.0515873,0.0992064,0.103175,0.0753968,0.107143,0.123016,0.0674603,0
0.157025,0.0826446,0.11157,0.0661157,0.0909091,0.0950413,0.0950413,0.11157,0.11157,0.0785124,0
0.152727,0.0763636,0.105455,0.0509091,0.101818,0.101818,0.0836364,0.134545,0.127273,0.0654545,0
0.128571,0.075,0.110714,0.075,0.0857143,0.0821429,0.114286,0.146429,0.110714,0.0714286,0
0.142415,0.0835913,0.0959752,0.0804954,0.0959752,0.0835913,0.117647,0.114551,0.120743,0.0650155,0
0.136364,0.0795455,0.0833333,0.0871212,0.094697,0.132576,0.0909091,0.106061,0.128788,0.0606061,0
0.141079,0.06639,0.0954357,0.0954357,0.0871369,0.128631,0.0871369,0.112033,0.136929,0.0497925,0
0.132143,0.0928571,0.110714,0.0714286,0.1,0.0964286,0.0857143,0.1,0.117857,0.0928571,0
0.105263,0.0736842,0.0982456,0.108772,0.0947368,0.0982456,0.0982456,0.0701754,0.178947,0.0736842,0
0.101695,0.101695,0.135593,0.0983051,0.0949153,0.118644,0.135593,0.0813559,0.0881356,0.0440678,0
0.17192,0.0888252,0.0687679,0.0573066,0.0859599,0.0916905,0.108883,0.0945559,0.154728,0.0773639,0
0.131054,0.0826211,0.0940171,0.0797721,0.0968661,0.0854701,0.0911681,0.0826211,0.150997,0.105413,0
0.135501,0.0867209,0.100271,0.0840108,0.097561,0.0948509,0.0813008,0.0758808,0.159892,0.0840108,0
0.149184,0.0862471,0.0862471,0.0862471,0.0955711,0.100233,0.109557,0.0792541,0.144522,0.0629371,0
0.173077,0.0841346,0.0841346,0.112981,0.0721154,0.0985577,0.132212,0.0649038,0.110577,0.0673077,0
0.16317,0.0862471,0.100233,0.123543,0.0885781,0.0932401,0.104895,0.0512821,0.128205,0.0606061,0
0.151163,0.0906977,0.0953488,0.0953488,0.0837209,0.0790698,0.0767442,0.0860465,0.106977,0.134884,0
0.153333,0.0644444,0.08,0.115556,0.0777778,0.0755556,0.0755556,0.0888889,0.12,0.148889,0
0.161446,0.060241,0.086747,0.0891566,0.0795181,0.0530121,0.086747,0.108434,0.137349,0.137349,0
0.199095,0.0746606,0.0791855,0.0882353,0.0723982,0.0497738,0.0701357,0.106335,0.138009,0.122172,0
0.171642,0.0646766,0.0970149,0.0895522,0.0820896,0.0621891,0.0845771,0.0696517,0.121891,0.156716,0
0.176282,0.102564,0.108974,0.0705128,0.108974,0.0801282,0.0897436,0.108974,0.105769,0.0480769,0
0.160714,0.113095,0.0982143,0.0565476,0.119048,0.0684524,0.0922619,0.107143,0.119048,0.0654762,0
0.188925,0.0912052,0.0651466,0.0749186,0.110749,0.0846905,0.0879479,0.0879479,0.127036,0.0814332,0
0.17193,0.119298,0.0666667,0.0807018,0.119298,0.0596491,0.077193,0.0982456,0.14386,0.0631579,0
0.163823,0.0921502,0.0887372,0.0989761,0.0887372,0.0819113,0.0682594,0.102389,0.16041,0.0546075,0
0.160714,0.0922619,0.0952381,0.0744048,0.119048,0.0625,0.0833333,0.0833333,0.122024,0.107143,0
0.145299,0.0797721,0.0911681,0.0883191,0.102564,0.0626781,0.0854701,0.111111,0.119658,0.11396,0
0.148148,0.0740741,0.0802469,0.101852,0.104938,0.058642,0.0740741,0.0987654,0.126543,0.132716,0
0.155224,0.080597,0.0865672,0.0835821,0.110448,0.0716418,0.0686567,0.113433,0.101493,0.128358,0
0.143631,0.0758808,0.0758808,0.0731707,0.111111,0.0569106,0.097561,0.116531,0.113821,0.135501,0
0.15903,0.0889488,0.0781671,0.0808625,0.118598,0.06469,0.105121,0.110512,0.123989,0.0700809,0
0.190601,0.0861619,0.0913838,0.0966057,0.101828,0.0704961,0.0913838,0.109661,0.0887728,0.073107,0
0.170103,0.0953608,0.0876289,0.0824742,0.0979381,0.0747423,0.113402,0.100515,0.108247,0.0695876,0
0.151589,0.107579,0.0953545,0.0782396,0.0953545,0.0806846,0.100244,0.0977995,0.0977995,0.0953545,0
0.141711,0.101604,0.0962567,0.0935829,0.101604,0.0882353,0.0989305,0.104278,0.101604,0.0721925,0
0.222707,0.0917031,0.0917031,0.0742358,0.100437,0.0873362,0.0655022,0.0829694,0.152838,0.0305677,0
0.247863,0.0811966,0.111111,0.0683761,0.0555556,0.0769231,0.0555556,0.0982906,0.179487,0.025641,0
0.209877,0.106996,0.0987654,0.0823045,0.0781893,0.090535,0.0658436,0.111111,0.123457,0.0329218,0
0.186047,0.104651,0.124031,0.0658915,0.0891473,0.0891473,0.0775194,0.0697674,0.162791,0.0310078,0
0.201613,0.120968,0.125,0.0604839,0.0967742,0.104839,0.0604839,0.0927419,0.108871,0.0282258,0
0.120635,0.0825397,0.101587,0.0888889,0.114286,0.107937,0.114286,0.0888889,0.11746,0.0634921,0
0.0872483,0.0838926,0.114094,0.0704698,0.104027,0.127517,0.114094,0.0939597,0.134228,0.0704698,0
0.0859873,0.105096,0.089172,0.0605096,0.117834,0.111465,0.127389,0.0955414,0.117834,0.089172,0
0.0948905,0.105839,0.0766423,0.0656934,0.135036,0.080292,0.131387,0.109489,0.109489,0.0912409,0
0.118881,0.0839161,0.115385,0.0559441,0.0874126,0.101399,0.146853,0.0839161,0.122378,0.0839161,0
0.171946,0.0882353,0.0837104,0.0791855,0.0859729,0.061086,0.0950226,0.0995475,0.108597,0.126697,0
0.163223,0.0847107,0.0847107,0.0867769,0.088843,0.0578512,0.0909091,0.113636,0.0847107,0.144628,0
0.152401,0.085595,0.0793319,0.0709812,0.0897704,0.0688935,0.102296,0.129436,0.0647182,0.156576,0
0.162745,0.0745098,0.0941177,0.0607843,0.0803922,0.0705882,0.0941177,0.131373,0.0647059,0.166667,0
0.157576,0.0929293,0.0828283,0.0585859,0.0828283,0.0707071,0.0828283,0.115152,0.0787879,0.177778,0
0.188726,0.0980392,0.0759804,0.0710784,0.0931373,0.0857843,0.102941,0.0637255,0.110294,0.110294,0
0.1875,0.0949074,0.0925926,0.0833333,0.12037,0.0694444,0.104167,0.0740741,0.0717593,0.101852,0
0.162562,0.0960591,0.091133,0.0517241,0.1133,0.0862069,0.0985222,0.0837438,0.0886699,0.128079,0
0.17268,0.0798969,0.100515,0.0798969,0.0824742,0.0798969,0.100515,0.0798969,0.103093,0.121134,0
0.170051,0.0786802,0.0812183,0.0761421,0.0989848,0.0964467,0.0939086,0.0812183,0.0964467,0.126904,0
0.192982,0.0827068,0.0626566,0.0701754,0.0927318,0.0601504,0.0827068,0.132832,0.075188,0.14787,0
0.172043,0.0967742,0.0817204,0.0516129,0.0924731,0.0516129,0.0731183,0.148387,0.0967742,0.135484,0
0.154309,0.0961924,0.0661323,0.0420842,0.0941884,0.0641283,0.114228,0.142285,0.0841683,0.142285,0
0.15367,0.105505,0.0733945,0.059633,0.0825688,0.059633,0.110092,0.135321,0.0802752,0.139908,0
0.162736,0.0872642,0.0778302,0.0566038,0.0778302,0.0636792,0.0825472,0.141509,0.0754717,0.174528,0
0.170213,0.112462,0.0942249,0.0729483,0.0881459,0.0790274,0.106383,0.0547112,0.145897,0.0759878,0
0.176301,0.104046,0.0895954,0.0549133,0.104046,0.0809249,0.112717,0.0751445,0.132948,0.0693642,0
0.186335,0.0807453,0.121118,0.0590062,0.0869565,0.0776398,0.10559,0.0776398,0.136646,0.068323,0
0.163636,0.0939394,0.136364,0.0666667,0.106061,0.0909091,0.0818182,0.0636364,0.139394,0.0575758,0
0.173203,0.0653595,0.107843,0.0751634,0.0882353,0.0620915,0.104575,0.0849673,0.133987,0.104575,0
0.119874,0.0757098,0.0977918,0.0725552,0.104101,0.0914827,0.132492,0.104101,0.107256,0.0946372,0
0.112462,0.0607903,0.0638298,0.103343,0.0820669,0.100304,0.106383,0.112462,0.139818,0.118541,0
0.0940171,0.0712251,0.0911681,0.0683761,0.116809,0.0769231,0.11396,0.116809,0.108262,0.14245,0
0.121622,0.0675676,0.0810811,0.0810811,0.0945946,0.0837838,0.12973,0.108108,0.118919,0.113514,0
0.114551,0.0712074,0.0650155,0.0681114,0.105263,0.0866873,0.114551,0.108359,0.145511,0.120743,0
0.160305,0.0941476,0.0916031,0.0916031,0.0890585,0.0559796,0.0941476,0.086514,0.119593,0.117048,0
0.164557,0.0658228,0.078481,0.101266,0.0759494,0.0607595,0.0911392,0.101266,0.116456,0.144304,0
0.158537,0.0658537,0.0902439,0.117073,0.0780488,0.0658537,0.0658537,0.0878049,0.114634,0.156098,0
0.147059,0.0775401,0.0989305,0.0855615,0.0641711,0.0614973,0.0828877,0.112299,0.128342,0.141711,0
0.15896,0.0895954,0.0635838,0.0751445,0.0924855,0.066474,0.066474,0.121387,0.109827,0.156069,0
0.190736,0.0817439,0.111717,0.0735695,0.0790191,0.0626703,0.0735695,0.122616,0.0899183,0.114441,0
0.160563,0.0704225,0.0535211,0.0929577,0.0676056,0.0676056,0.104225,0.0929577,0.129577,0.160563,0
0.177112,0.0871935,0.0871935,0.0735695,0.0790191,0.0490463,0.0953678,0.0653951,0.155313,0.13079,0
0.1325,0.0775,0.095,0.0925,0.09,0.0675,0.0925,0.075,0.1425,0.135,0
0.153425,0.0712329,0.090411,0.0821918,0.0876712,0.0520548,0.0849315,0.10411,0.134247,0.139726,0
0.134367,0.0645995,0.0852713,0.108527,0.0801034,0.0645995,0.0801034,0.0956072,0.129199,0.157623,0
0.208333,0.0735294,0.0906863,0.0808824,0.0808824,0.0784314,0.117647,0.0735294,0.117647,0.0784314,0
0.2,0.0870588,0.0941176,0.0917647,0.0729412,0.0752941,0.110588,0.0776471,0.0894118,0.101176,0
0.19708,0.0754258,0.111922,0.0705596,0.0827251,0.0778589,0.126521,0.0875912,0.0948905,0.0754258,0
0.189427,0.0881057,0.0903084,0.0859031,0.0572687,0.0638767,0.121145,0.092511,0.103524,0.10793,0
0.196305,0.0923788,0.0808314,0.0969977,0.0623557,0.0715935,0.122402,0.0808314,0.108545,0.0877598,0
0.207317,0.0894309,0.105691,0.0772358,0.0934959,0.0772358,0.0813008,0.101626,0.126016,0.0406504,0
0.181818,0.0769231,0.0979021,0.0769231,0.0909091,0.0944056,0.0769231,0.0909091,0.15035,0.0629371,0
0.200743,0.0892193,0.107807,0.0855019,0.0966543,0.0855019,0.070632,0.0780669,0.122677,0.063197,0
0.220217,0.0758123,0.140794,0.0613718,0.101083,0.064982,0.0902527,0.0794224,0.126354,0.0397112,0
0.214815,0.107407,0.12963,0.0777778,0.1,0.0666667,0.0740741,0.0703704,0.118519,0.0407407,0
0.225296,0.12253,0.106719,0.0790514,0.083004,0.0790514,0.0790514,0.0909091,0.0948617,0.0395257,0
0.167979,0.102362,0.115486,0.0551181,0.110236,0.0577428,0.104987,0.0892388,0.11811,0.0787402,0
0.145251,0.0949721,0.0837989,0.0726257,0.111732,0.0782123,0.0977654,0.0810056,0.145251,0.0893855,0
0.148649,0.0837838,0.0810811,0.0756757,0.102703,0.0837838,0.113514,0.108108,0.0945946,0.108108,0
0.16545,0.0754258,0.114355,0.0851581,0.109489,0.0875912,0.0875912,0.080292,0.0948905,0.0997567,0
0.161458,0.0729167,0.0963542,0.0833333,0.104167,0.0859375,0.0989583,0.0651042,0.122396,0.109375,0
0.18732,0.0749279,0.0893372,0.0835735,0.092219,0.0778098,0.106628,0.0634006,0.132565,0.092219,0
0.178273,0.0779944,0.0891365,0.0779944,0.086351,0.0752089,0.114206,0.0779944,0.133705,0.0891365,0
0.193906,0.0914127,0.099723,0.0831025,0.0831025,0.0581717,0.0831025,0.0747922,0.149584,0.0831025,0
0.201995,0.084788,0.0648379,0.0872818,0.0947631,0.0523691,0.102244,0.0872818,0.13217,0.0922693,0
0.192208,0.0961039,0.0727273,0.0571429,0.0831169,0.0961039,0.109091,0.0883117,0.111688,0.0935065,0
0.176119,0.0865672,0.0507463,0.104478,0.0835821,0.0537313,0.080597,0.122388,0.128358,0.113433,0
0.162534,0.0661157,0.0716253,0.0826446,0.104683,0.0495868,0.0936639,0.132231,0.132231,0.104683,0
0.146699,0.0855746,0.0806846,0.0757946,0.0733496,0.0513447,0.117359,0.110024,0.156479,0.102689,0
0.169856,0.0574163,0.069378,0.069378,0.0980861,0.0430622,0.110048,0.138756,0.141148,0.102871,0
0.160606,0.0757576,0.0787879,0.0666667,0.0969697,0.0424242,0.10303,0.118182,0.136364,0.121212,0
0.182648,0.0799087,0.0958904,0.0776256,0.0981735,0.0502283,0.0821918,0.107306,0.100457,0.125571,0
0.208738,0.0703883,0.0679612,0.101942,0.0825243,0.0776699,0.0800971,0.0946602,0.0825243,0.133495,0
0.198992,0.0831234,0.0780856,0.0654912,0.0957179,0.0604534,0.0831234,0.120907,0.0906801,0.123426,0
0.219212,0.0689655,0.0862069,0.0812808,0.110837,0.0394089,0.0738916,0.1133,0.100985,0.105911,0
0.217054,0.0826873,0.0620155,0.0749354,0.0956072,0.0490956,0.0852713,0.118863,0.0852713,0.129199,0
0.128767,0.0657534,0.0547945,0.0410959,0.0931507,0.0383562,0.131507,0.167123,0.126027,0.153425,0
0.156695,0.0569801,0.0940171,0.0626781,0.0854701,0.039886,0.0911681,0.145299,0.119658,0.148148,0
0.139535,0.0674419,0.0860465,0.072093,0.0674419,0.0395349,0.116279,0.167442,0.125581,0.118605,0
0.142857,0.0589569,0.0634921,0.0680272,0.0770975,0.0566893,0.117914,0.151927,0.117914,0.145125,0
0.145,0.0475,0.0825,0.07,0.0675,0.0475,0.1175,0.1525,0.1075,0.1625,0
0.151282,0.0333333,0.0846154,0.0615385,0.0692308,0.0410256,0.0923077,0.215385,0.110256,0.141026,0
0.18593,0.0753769,0.0854271,0.128141,0.0929648,0.0854271,0.0703518,0.0929648,0.113065,0.0703518,0
0.152838,0.10917,0.0851528,0.100437,0.100437,0.0742358,0.0764192,0.106987,0.0982533,0.0960699,0
0.163755,0.0895196,0.0938865,0.100437,0.0764192,0.104803,0.0764192,0.0851528,0.137555,0.0720524,0
0.173626,0.0615385,0.0791209,0.105495,0.0747253,0.0923077,0.0945055,0.103297,0.116484,0.0989011,0
0.176334,0.0672854,0.0765661,0.106729,0.0904872,0.0974478,0.0951276,0.104408,0.109049,0.0765661,0
0.135321,0.0917431,0.0940367,0.139908,0.0917431,0.0711009,0.0848624,0.087156,0.119266,0.0848624,0
0.15262,0.070615,0.0911162,0.134396,0.0865604,0.0728929,0.095672,0.0820046,0.127563,0.0865604,0
0.162037,0.0648148,0.0810185,0.113426,0.0740741,0.0717593,0.101852,0.0833333,0.12963,0.118056,0
0.163636,0.0779221,0.0753247,0.0935065,0.0857143,0.0727273,0.111688,0.0597403,0.111688,0.148052,0
0.157005,0.0652174,0.0821256,0.0942029,0.089372,0.0628019,0.103865,0.0917874,0.118357,0.135266,0
0.175166,0.0953437,0.0687361,0.0731707,0.097561,0.0709534,0.104213,0.0776053,0.121951,0.115299,0
0.176744,0.0674419,0.072093,0.102326,0.1,0.0744186,0.0883721,0.104651,0.106977,0.106977,0
0.141487,0.0863309,0.105516,0.0527578,0.0983213,0.0815348,0.11271,0.0719424,0.141487,0.107914,0
0.160584,0.0729927,0.0778589,0.0778589,0.10219,0.0656934,0.10219,0.10219,0.131387,0.107056,0
0.160465,0.0744186,0.0697674,0.0860465,0.0930233,0.0697674,0.0906977,0.104651,0.123256,0.127907,0
0.0963855,0.0963855,0.0903614,0.0692771,0.120482,0.0783132,0.123494,0.0933735,0.14759,0.0843373,0
0.10303,0.0939394,0.106061,0.0939394,0.109091,0.0969697,0.121212,0.0878788,0.106061,0.0818182,0
0.129683,0.0662824,0.10951,0.106628,0.115274,0.0893372,0.103746,0.0806916,0.118156,0.0806916,0
0.103896,0.0779221,0.123377,0.107143,0.0941558,0.0941558,0.107143,0.0876623,0.126623,0.0779221,0
0.0819672,0.0846995,0.0846995,0.114754,0.10929,0.0710382,0.153005,0.0901639,0.112022,0.0983607,0
0.148148,0.0976431,0.117845,0.0538721,0.0976431,0.0875421,0.104377,0.0808081,0.121212,0.0909091,0
0.174455,0.0778816,0.109034,0.0809969,0.0934579,0.0654206,0.0934579,0.0996885,0.109034,0.0965732,0
0.157895,0.0807018,0.119298,0.0842105,0.077193,0.0842105,0.112281,0.0912281,0.119298,0.0736842,0
0.163934,0.0918033,0.095082,0.0590164,0.0786885,0.0885246,0.095082,0.0885246,0.163934,0.0754098,0
0.142395,0.0517799,0.100324,0.0938511,0.0970874,0.0906149,0.0970874,0.113269,0.152104,0.0614887,0
0.144928,0.0753623,0.110145,0.0695652,0.0927536,0.0898551,0.110145,0.084058,0.144928,0.0782609,0
0.166667,0.120567,0.0957447,0.070922,0.102837,0.0957447,0.070922,0.0531915,0.166667,0.0567376,0
0.155172,0.0862069,0.117241,0.0655172,0.103448,0.103448,0.0724138,0.0758621,0.158621,0.062069,0
0.152249,0.083045,0.103806,0.0622837,0.117647,0.0968858,0.0865052,0.0726644,0.155709,0.0692042,0
0.158038,0.0762943,0.128065,0.0953678,0.0926431,0.0899183,0.0735695,0.0708447,0.152589,0.0626703,0
0.160458,0.0716332,0.0830946,0.0744986,0.0687679,0.0945559,0.0974212,0.0859599,0.166189,0.0974212,0
0.145522,0.0876866,0.0839552,0.0876866,0.0783582,0.0652985,0.141791,0.0876866,0.0988806,0.123134,0
0.143119,0.0733945,0.0880734,0.0917431,0.0880734,0.066055,0.152294,0.106422,0.0807339,0.110092,0
0.148352,0.0842491,0.0989011,0.0970696,0.0732601,0.0604396,0.139194,0.10989,0.0879121,0.100733,0
0.120419,0.0767888,0.0802792,0.0890052,0.0820244,0.0820244,0.137871,0.111693,0.0907504,0.129145,0
0.131261,0.0725389,0.108808,0.0932643,0.0863558,0.0483592,0.134715,0.11399,0.0725389,0.138169,0
0.141066,0.0846395,0.0909091,0.0815047,0.0877743,0.103448,0.119122,0.0783699,0.15674,0.0564263,0
0.170968,0.0774194,0.1,0.109677,0.083871,0.112903,0.0903226,0.0741935,0.119355,0.0612903,0
0.170732,0.0731707,0.132404,0.087108,0.0940767,0.0905923,0.0905923,0.0940767,0.114983,0.0522648,0
0.20339,0.0847458,0.0949153,0.0745763,0.0949153,0.101695,0.0847458,0.0813559,0.115254,0.0644068,0
0.189781,0.0620438,0.10219,0.10219,0.0912409,0.0948905,0.10219,0.0693431,0.124088,0.0620438,0
0.17284,0.090535,0.123457,0.0699588,0.090535,0.0823045,0.0823045,0.115226,0.090535,0.0823045,0
0.173745,0.0888031,0.11583,0.0810811,0.0772201,0.11583,0.0810811,0.0926641,0.104247,0.0694981,0
0.145455,0.101818,0.123636,0.08,0.0872727,0.105455,0.105455,0.08,0.105455,0.0654545,0
0.171756,0.0725191,0.118321,0.0801527,0.0916031,0.103053,0.0877863,0.103053,0.103053,0.0687023,0
0.151515,0.0833333,0.132576,0.0909091,0.0833333,0.0909091,0.109848,0.102273,0.125,0.030303,0
0.134293,0.0839329,0.0863309,0.0983213,0.0959233,0.057554,0.119904,0.0743405,0.143885,0.105516,0
0.134434,0.0754717,0.0825472,0.101415,0.0896226,0.0566038,0.0966981,0.0990566,0.120283,0.143868,0
0.136038,0.0954654,0.0715991,0.102625,0.102625,0.0548926,0.109785,0.0715991,0.131265,0.124105,0
0.166667,0.0746269,0.0845771,0.11194,0.0995025,0.0547264,0.0895522,0.0845771,0.129353,0.104478,0
0.1925,0.08,0.0975,0.06,0.09,0.0475,0.055,0.1325,0.11,0.135,0
0.185567,0.0773196,0.0721649,0.0850515,0.0747423,0.0721649,0.10567,0.113402,0.115979,0.0979381,0
0.158416,0.0816832,0.0891089,0.0841584,0.0717822,0.0643564,0.126238,0.123762,0.101485,0.0990099,0
0.181333,0.0826667,0.0853333,0.0933333,0.0773333,0.064,0.0933333,0.114667,0.12,0.088,0
0.206799,0.0878187,0.0991501,0.0736544,0.0878187,0.0538244,0.0906516,0.101983,0.127479,0.0708215,0
0.176617,0.0746269,0.10199,0.10199,0.0621891,0.0721393,0.134328,0.0995025,0.0995025,0.0771144,0
0.197232,0.0899654,0.0622837,0.0692042,0.107266,0.0657439,0.100346,0.100346,0.107266,0.100346,0
0.214035,0.0982456,0.0807018,0.0526316,0.0877193,0.0631579,0.0736842,0.129825,0.0877193,0.112281,0
0.230284,0.0851735,0.0725552,0.0567823,0.0977918,0.0725552,0.0694006,0.107256,0.113565,0.0946372,0
0.193252,0.0797546,0.0736196,0.0674847,0.0920245,0.0705521,0.0582822,0.138037,0.116564,0.110429,0
0.188088,0.0689655,0.0846395,0.0721003,0.0815047,0.0626959,0.0877743,0.125392,0.109718,0.119122,0
0.215328,0.080292,0.0875912,0.0547445,0.0729927,0.0583942,0.0620438,0.127737,0.145985,0.0948905,0
0.206522,0.0688406,0.0942029,0.0362319,0.0615942,0.076087,0.0869565,0.123188,0.166667,0.0797101,0
0.156584,0.0711744,0.0818505,0.0427046,0.0569395,0.0996441,0.0782918,0.135231,0.192171,0.0854093,0
0.172757,0.0830565,0.089701,0.0431894,0.0697674,0.0664452,0.0996678,0.106312,0.17608,0.0930233,0
0.169381,0.0749186,0.0846905,0.0586319,0.0651466,0.0846905,0.0618892,0.120521,0.208469,0.0716612,0
0.203636,0.0545455,0.0909091,0.0981818,0.0654545,0.08,0.0472727,0.0981818,0.181818,0.08,0
0.201133,0.0736544,0.0736544,0.082153,0.121813,0.0509915,0.082153,0.0906516,0.0906516,0.133144,0
0.218935,0.0739645,0.0650888,0.0443787,0.0828402,0.0650888,0.0769231,0.109467,0.10355,0.159763,0
0.178484,0.0562347,0.0733496,0.0709046,0.0953545,0.0586797,0.0782396,0.107579,0.117359,0.163814,0
0.177378,0.0616967,0.059126,0.0719794,0.0976864,0.0565553,0.0976864,0.113111,0.107969,0.156812,0
0.185366,0.0731707,0.0731707,0.0756098,0.0926829,0.0609756,0.102439,0.0804878,0.117073,0.139024,0
0.196629,0.0926966,0.106742,0.0477528,0.0786517,0.0617978,0.132022,0.103933,0.0898876,0.0898876,0
0.203343,0.0807799,0.133705,0.0445682,0.0724234,0.0557103,0.125348,0.103064,0.0947075,0.086351,0
0.198939,0.0875332,0.119363,0.0557029,0.0795756,0.0583554,0.127321,0.100796,0.0875332,0.0848806,0
0.212885,0.092437,0.109244,0.0392157,0.10084,0.0644258,0.112045,0.10084,0.0812325,0.0868347,0
0.180662,0.0941476,0.122137,0.0610687,0.0890585,0.0737913,0.119593,0.0941476,0.104326,0.0610687,0
0.15655,0.108626,0.105431,0.057508,0.111821,0.0702875,0.105431,0.0798722,0.127796,0.0766773,0
0.15894,0.0960265,0.109272,0.0596026,0.0927152,0.0761589,0.119205,0.0993377,0.109272,0.0794702,0
0.152249,0.100346,0.083045,0.0553633,0.110727,0.0899654,0.0968858,0.107266,0.131488,0.0726644,0
0.178462,0.0738462,0.0830769,0.0646154,0.12,0.0892308,0.0830769,0.110769,0.123077,0.0738462,0
0.197987,0.0604027,0.0939597,0.0872483,0.0939597,0.090604,0.0939597,0.0973154,0.107383,0.0771812,0
0.153061,0.0841837,0.0892857,0.0739796,0.125,0.0816327,0.0714286,0.107143,0.130102,0.0841837,0
0.15508,0.109626,0.104278,0.0534759,0.106952,0.0668449,0.0962567,0.0909091,0.149733,0.0668449,0
0.180556,0.0916667,0.0916667,0.111111,0.105556,0.0805556,0.0805556,0.0972222,0.0972222,0.0638889,0
0.185393,0.0674157,0.106742,0.0983146,0.101124,0.0730337,0.0786517,0.0842697,0.143258,0.0617978,0
0.178947,0.0736842,0.102632,0.107895,0.0789474,0.0578947,0.0894737,0.134211,0.107895,0.0684211,0
0.170316,0.0778589,0.0851581,0.116788,0.0705596,0.0583942,0.104623,0.111922,0.119221,0.0851581,0
0.229469,0.0966184,0.0845411,0.0603865,0.0942029,0.0386473,0.0821256,0.0748792,0.089372,0.149758,0
0.225806,0.0818859,0.0967742,0.057072,0.0918114,0.0471464,0.0769231,0.0843672,0.0967742,0.141439,0
0.195652,0.0804348,0.0891304,0.0478261,0.0913043,0.0543478,0.0673913,0.0978261,0.123913,0.152174,0
0.182365,0.0581162,0.0921844,0.0861723,0.0761523,0.0721443,0.0621242,0.106212,0.128257,0.136273,0
0.167954,0.0675676,0.100386,0.0965251,0.0772201,0.0694981,0.0714286,0.0868726,0.117761,0.144788,0
0.219595,0.0810811,0.097973,0.0641892,0.0878378,0.0844595,0.10473,0.0777027,0.125,0.0574324,0
0.163043,0.111413,0.0896739,0.0706522,0.0706522,0.0842391,0.0923913,0.0733696,0.165761,0.0788044,0
0.156342,0.0855457,0.0973451,0.0884956,0.100295,0.112094,0.0943953,0.0707965,0.135693,0.058997,0
0.192771,0.0753012,0.10241,0.0903614,0.0813253,0.0813253,0.0903614,0.0903614,0.14759,0.0481928,0
0.164179,0.0895522,0.0746269,0.0746269,0.080597,0.107463,0.0835821,0.0985075,0.161194,0.0656716,0
0.228013,0.0651466,0.0944625,0.0586319,0.0749186,0.0814332,0.0521173,0.100977,0.14658,0.0977199,0
0.195035,0.0780142,0.106383,0.0460993,0.0673759,0.070922,0.0460993,0.163121,0.163121,0.0638298,0
0.22069,0.0517241,0.103448,0.0413793,0.0793103,0.0862069,0.0482759,0.141379,0.137931,0.0896552,0
0.247273,0.0618182,0.101818,0.0327273,0.0872727,0.0836364,0.0581818,0.12,0.138182,0.0690909,0
0.202847,0.0569395,0.0960854,0.0569395,0.0782918,0.0711744,0.0320285,0.163701,0.145907,0.0960854,0
0.127768,0.0919932,0.115843,0.0817717,0.0732538,0.0732538,0.112436,0.0954003,0.103918,0.124361,0
0.137815,0.0907563,0.0991597,0.0857143,0.0705882,0.0756303,0.105882,0.0941176,0.110924,0.129412,0
0.14214,0.0886288,0.0869565,0.0785953,0.0769231,0.0668896,0.108696,0.0986622,0.0986622,0.153846,0
0.14918,0.0786885,0.101639,0.0901639,0.0803279,0.0786885,0.111475,0.0934426,0.0852459,0.131148,0
0.132588,0.0734824,0.107029,0.0814696,0.0766773,0.0702875,0.121406,0.086262,0.102236,0.148562,0
0.146429,0.0785714,0.15,0.075,0.0821429,0.114286,0.114286,0.0571429,0.132143,0.05,0
0.149153,0.0711864,0.125424,0.0508475,0.0983051,0.0983051,0.135593,0.0677966,0.155932,0.0474576,0
0.175373,0.0895522,0.104478,0.0522388,0.104478,0.0970149,0.104478,0.0597015,0.134328,0.0783582,0
0.165441,0.0661765,0.110294,0.0441176,0.0845588,0.0772059,0.125,0.0919118,0.147059,0.0882353,0
0.179775,0.082397,0.11985,0.0449438,0.093633,0.0898876,0.108614,0.0749064,0.127341,0.0786517,0
0.218391,0.0881226,0.0881226,0.045977,0.111111,0.0881226,0.0766283,0.111111,0.091954,0.0804598,0
0.224265,0.0772059,0.0992647,0.0477941,0.121324,0.0808824,0.0845588,0.0808824,0.117647,0.0661765,0
0.183616,0.101695,0.101695,0.0706215,0.107345,0.0734463,0.0932203,0.0988701,0.110169,0.059322,0
0.226537,0.0809062,0.0970874,0.0485437,0.100324,0.0906149,0.0970874,0.0906149,0.0970874,0.0711974,0
0.198142,0.0835913,0.0866873,0.0650155,0.105263,0.0650155,0.114551,0.0990712,0.130031,0.0526316,0
0.179348,0.0815217,0.119565,0.0815217,0.0978261,0.0896739,0.0869565,0.0923913,0.130435,0.0407609,0
0.151515,0.0875421,0.0841751,0.03367,0.104377,0.0639731,0.107744,0.158249,0.124579,0.0841751,0
0.146789,0.0917431,0.0948012,0.0275229,0.0948012,0.0733945,0.110092,0.125382,0.134557,0.100917,0
0.177258,0.083612,0.103679,0.0568562,0.103679,0.0702341,0.103679,0.0936455,0.123746,0.083612,0
0.163934,0.0885246,0.0852459,0.0491803,0.114754,0.0754098,0.111475,0.104918,0.12459,0.0819672,0
0.165541,0.111486,0.0878378,0.0472973,0.114865,0.0641892,0.0810811,0.0945946,0.14527,0.0878378,0
0.223642,0.0766773,0.0638978,0.0830671,0.0766773,0.057508,0.0766773,0.102236,0.15016,0.0894569,0
0.229412,0.0970588,0.0911765,0.0411765,0.0911765,0.0735294,0.0676471,0.0705882,0.164706,0.0735294,0
0.22327,0.081761,0.072327,0.0691824,0.091195,0.0754717,0.0597484,0.0754717,0.160377,0.091195,0
0.196141,0.0868167,0.0868167,0.0578778,0.0868167,0.073955,0.0610932,0.102894,0.144695,0.102894,0
0.199422,0.0635838,0.0780347,0.0722543,0.104046,0.0780347,0.0635838,0.106936,0.147399,0.0867052,0
0.179144,0.0909091,0.0935829,0.0989305,0.101604,0.0614973,0.109626,0.0561497,0.0989305,0.109626,0
0.184343,0.0732323,0.0883838,0.0984849,0.103535,0.0732323,0.0858586,0.0631313,0.126263,0.103535,0
0.188995,0.069378,0.0813397,0.107655,0.0885167,0.0789474,0.102871,0.076555,0.114833,0.0909091,0
0.17207,0.0698254,0.109726,0.0897756,0.0798005,0.0648379,0.127182,0.0473815,0.104738,0.134663,0
0.148936,0.0945626,0.0874704,0.0921986,0.0685579,0.0661939,0.0780142,0.0874704,0.120567,0.156028,0
0.163793,0.0574713,0.0948276,0.0775862,0.0775862,0.103448,0.0890805,0.0890805,0.166667,0.0804598,0
0.177143,0.08,0.0742857,0.0914286,0.0914286,0.0742857,0.0885714,0.105714,0.131429,0.0857143,0
0.177184,0.0728155,0.11165,0.0825243,0.0703883,0.0849515,0.092233,0.0776699,0.13835,0.092233,0
0.144044,0.0747922,0.0747922,0.0692521,0.099723,0.0692521,0.127424,0.0803324,0.160665,0.099723,0
0.145604,0.0934066,0.0879121,0.0741758,0.0934066,0.0989011,0.0879121,0.107143,0.142857,0.0686813,0
0.182584,0.0955056,0.0674157,0.0730337,0.11236,0.0617978,0.0758427,0.0842697,0.143258,0.103933,0
0.176471,0.104278,0.0828877,0.0534759,0.0935829,0.0588235,0.0828877,0.101604,0.152406,0.0935829,0
0.177465,0.084507,0.0647887,0.0760563,0.104225,0.0676056,0.084507,0.0901408,0.123944,0.126761,0
0.158151,0.10219,0.0875912,0.0656934,0.107056,0.0754258,0.0656934,0.109489,0.13382,0.0948905,0
0.167901,0.0839506,0.0666667,0.0617284,0.0839506,0.054321,0.111111,0.120988,0.123457,0.125926,0
0.162393,0.0641026,0.123932,0.0555556,0.0854701,0.0811966,0.119658,0.0811966,0.123932,0.102564,0
0.173913,0.0671937,0.102767,0.0474308,0.0750988,0.0869565,0.0988142,0.0988142,0.13834,0.110672,0
0.166038,0.0603774,0.132075,0.0566038,0.0867925,0.116981,0.0981132,0.0830189,0.0981132,0.101887,0
0.130435,0.0711462,0.12253,0.0632411,0.0909091,0.0909091,0.102767,0.106719,0.110672,0.110672,0
0.155462,0.0798319,0.105042,0.0672269,0.0798319,0.0840336,0.0966387,0.10084,0.10084,0.130252,0
0.209559,0.0808824,0.0698529,0.0661765,0.0772059,0.0661765,0.0882353,0.121324,0.150735,0.0698529,0
0.212698,0.0571429,0.0952381,0.111111,0.104762,0.0920635,0.0666667,0.0920635,0.12381,0.0444444,0
0.233846,0.0646154,0.0830769,0.0615385,0.08,0.0923077,0.0953846,0.0861538,0.141538,0.0615385,0
0.219136,0.0679012,0.104938,0.0802469,0.0740741,0.0864198,0.0709877,0.108025,0.126543,0.0617284,0
0.218845,0.0638298,0.0820669,0.0881459,0.0972644,0.0759878,0.0668693,0.115502,0.142857,0.0486322,0
0.130996,0.105166,0.097786,0.0885609,0.0701107,0.0701107,0.134686,0.0738007,0.114391,0.114391,0
0.126786,0.0857143,0.1,0.0767857,0.0714286,0.0660714,0.1375,0.0982143,0.0982143,0.139286,0
0.126582,0.079566,0.110307,0.0922242,0.0687161,0.0596745,0.106691,0.113924,0.0886076,0.153707,0
0.121317,0.0814558,0.10052,0.10052,0.084922,0.0537262,0.105719,0.102253,0.12825,0.121317,0
0.129915,0.0820513,0.0957265,0.0854701,0.0803419,0.0512821,0.112821,0.104274,0.105983,0.152137,0
0.121739,0.0852174,0.0904348,0.0747826,0.0956522,0.0556522,0.12,0.0956522,0.10087,0.16,0
0.198044,0.0806846,0.114914,0.0684597,0.0929095,0.0709046,0.122249,0.0757946,0.100244,0.0757946,0
0.170854,0.0753769,0.103015,0.0577889,0.103015,0.0678392,0.11809,0.080402,0.130653,0.0929648,0
0.143577,0.103275,0.0906801,0.0629723,0.093199,0.0881612,0.115869,0.0654912,0.141058,0.0957179,0
0.128099,0.072314,0.105372,0.0640496,0.0826446,0.0826446,0.134298,0.0971074,0.144628,0.088843,0
0.157534,0.086758,0.0844749,0.0753425,0.10274,0.0616438,0.116438,0.0958904,0.109589,0.109589,0
0.189189,0.101351,0.101351,0.0743243,0.0844595,0.0945946,0.0743243,0.0878378,0.118243,0.0743243,0
0.211679,0.0766423,0.10219,0.0583942,0.0766423,0.0948905,0.0729927,0.120438,0.105839,0.080292,0
0.209059,0.0836237,0.0940767,0.0766551,0.0662021,0.0905923,0.0731707,0.087108,0.149826,0.0696864,0
0.203509,0.0701754,0.0982456,0.077193,0.101754,0.0807018,0.0596491,0.0982456,0.119298,0.0912281,0
0.194346,0.0706714,0.0848057,0.0565371,0.109541,0.102473,0.0989399,0.0848057,0.127208,0.0706714,0
0.226776,0.0928962,0.0491803,0.0437158,0.101093,0.0655738,0.0983607,0.112022,0.106557,0.103825,0
0.245383,0.0765171,0.100264,0.0527705,0.0765171,0.0738786,0.0949868,0.0976253,0.0897098,0.0923483,0
0.219072,0.0773196,0.0876289,0.0850515,0.0670103,0.0515464,0.0902062,0.110825,0.100515,0.110825,0
0.212534,0.0844687,0.0899183,0.0653951,0.0926431,0.0572207,0.0899183,0.103542,0.108992,0.0953678,0
0.236842,0.0760234,0.0818713,0.0672515,0.0760234,0.0555556,0.0877193,0.114035,0.0877193,0.116959,0
0.138322,0.0884354,0.0793651,0.111111,0.0680272,0.0861678,0.129252,0.0589569,0.136054,0.104308,0
0.137014,0.0777096,0.0777096,0.0961145,0.0674847,0.0756646,0.120654,0.0797546,0.139059,0.128834,0
0.12758,0.0844278,0.0900563,0.0938086,0.0769231,0.0844278,0.114447,0.0750469,0.136961,0.116323,0
0.15304,0.0838574,0.0901468,0.0712788,0.0838574,0.0880503,0.109015,0.081761,0.121593,0.1174,0
0.150862,0.0775862,0.0926724,0.0711207,0.0797414,0.0603448,0.116379,0.0797414,0.133621,0.137931,0
0.154639,0.0859107,0.0824742,0.0515464,0.0859107,0.0893471,0.0893471,0.137457,0.154639,0.0687285,0
0.146893,0.0677966,0.110169,0.0762712,0.0875706,0.079096,0.101695,0.129944,0.144068,0.0564972,0
0.121951,0.0853658,0.103659,0.0884146,0.097561,0.0945122,0.097561,0.109756,0.118902,0.0823171,0
0.138264,0.0932476,0.0932476,0.0546624,0.096463,0.0771704,0.102894,0.154341,0.109325,0.0803858,0
0.13289,0.106312,0.0830565,0.0498339,0.10299,0.0963455,0.0863787,0.13289,0.13289,0.076412,0
0.154013,0.0715835,0.0737527,0.160521,0.0780911,0.0694143,0.119306,0.0650759,0.151844,0.0563991,0
0.161926,0.0700219,0.0787746,0.126915,0.0787746,0.059081,0.122538,0.0743982,0.172867,0.0547046,0
0.15991,0.0720721,0.0923423,0.117117,0.0833333,0.0698198,0.123874,0.0765766,0.157658,0.0472973,0
0.153318,0.0709382,0.0778032,0.130435,0.0938215,0.0594966,0.0983982,0.0778032,0.176201,0.0617849,0
0.168539,0.0719101,0.0876404,0.11236,0.0764045,0.0561798,0.116854,0.0516854,0.188764,0.0696629,0
