0.0549451,0.043956,0.0659341,0.0769231,0.03663,0.0549451,0.164835,0.102564,0.043956,0.025641,0.0659341,0.0659341,0.0512821,0.0549451,0.0915751
0.0719424,0.0323741,0.0647482,0.0971223,0.0467626,0.0539568,0.154676,0.0935252,0.0323741,0.0395683,0.0683453,0.0395683,0.0755396,0.0467626,0.0827338
0.0847458,0.0338983,0.0440678,0.0779661,0.0440678,0.0576271,0.166102,0.0711864,0.040678,0.020339,0.0677966,0.0644068,0.0711864,0.0677966,0.0881356
0.075,0.05,0.0642857,0.0892857,0.0285714,0.05,0.178571,0.0964286,0.0107143,0.0357143,0.0642857,0.0535714,0.0464286,0.0571429,0.1
0.0803213,0.0361446,0.064257,0.13253,0.0441767,0.064257,0.148594,0.0763052,0.0321285,0.0321285,0.064257,0.060241,0.0562249,0.0321285,0.0763052
0.0746269,0.0485075,0.0559701,0.0746269,0.0410448,0.0671642,0.13806,0.0746269,0.0410448,0.0335821,0.0783582,0.0597015,0.0746269,0.0485075,0.0895522
0.0899281,0.0395683,0.057554,0.100719,0.028777,0.0431655,0.107914,0.0755396,0.0647482,0.0323741,0.0791367,0.0611511,0.0647482,0.0467626,0.107914
0.0730897,0.0631229,0.0830565,0.106312,0.0465116,0.0598007,0.0996678,0.0531561,0.0697674,0.0398671,0.0631229,0.0697674,0.0531561,0.0431894,0.076412
0.0753968,0.0436508,0.0555556,0.0912698,0.0357143,0.0555556,0.119048,0.0833333,0.0674603,0.0476191,0.0555556,0.0753968,0.0714286,0.0515873,0.0714286
0.0659341,0.040293,0.040293,0.0879121,0.040293,0.0622711,0.139194,0.102564,0.0659341,0.03663,0.0659341,0.0622711,0.0586081,0.043956,0.0879121
0.0651341,0.0421456,0.0574713,0.0957854,0.0536398,0.0613027,0.1341,0.0804598,0.045977,0.0344828,0.0804598,0.0766283,0.0651341,0.0229885,0.0842912
0.043771,0.0572391,0.0639731,0.0875421,0.0740741,0.050505,0.114478,0.050505,0.040404,0.0572391,0.0909091,0.0707071,0.047138,0.050505,0.10101
0.0638298,0.0390071,0.0567376,0.0602837,0.0460993,0.0567376,0.102837,0.0460993,0.0531915,0.0496454,0.0886525,0.0780142,0.0815603,0.0638298,0.113475
0.0758621,0.0689655,0.0413793,0.1,0.0448276,0.0413793,0.103448,0.062069,0.0758621,0.0413793,0.0724138,0.0724138,0.0586207,0.0448276,0.0965517
0.0669145,0.0817844,0.0669145,0.107807,0.0408922,0.0483271,0.104089,0.0594796,0.0594796,0.0520446,0.0520446,0.0557621,0.0669145,0.0334572,0.104089
0.0676923,0.0584615,0.0676923,0.0769231,0.0707692,0.0461538,0.107692,0.0707692,0.0646154,0.0338462,0.0646154,0.0492308,0.0769231,0.0553846,0.0892308
0.0861538,0.0338462,0.0984615,0.0338462,0.0615385,0.0492308,0.129231,0.0861538,0.0676923,0.0523077,0.04,0.0523077,0.0523077,0.04,0.116923
0.0512821,0.0541311,0.128205,0.0655271,0.042735,0.045584,0.0940171,0.0911681,0.0626781,0.042735,0.0626781,0.042735,0.0712251,0.048433,0.0968661
0.0555556,0.0438596,0.0964912,0.0701754,0.0760234,0.0526316,0.0994152,0.102339,0.0526316,0.0526316,0.0438596,0.0555556,0.0526316,0.0438596,0.102339
0.058309,0.03207,0.090379,0.0845481,0.0612245,0.0379009,0.0932945,0.0787172,0.0670554,0.0466472,0.0728863,0.0495627,0.0670554,0.0495627,0.110787
0.0826667,0.0453333,0.0933333,0.0453333,0.0586667,0.0506667,0.0826667,0.0853333,0.056,0.056,0.0613333,0.0666667,0.072,0.04,0.104
0.0521978,0.0714286,0.0576923,0.104396,0.0412088,0.043956,0.14011,0.0796703,0.043956,0.032967,0.0549451,0.0714286,0.0604396,0.0686813,0.0769231
0.0532213,0.070028,0.0672269,0.0756303,0.0364146,0.0448179,0.142857,0.0588235,0.047619,0.0336134,0.0616246,0.0756303,0.0728291,0.0532213,0.106443
0.0837696,0.0732984,0.0471204,0.0732984,0.0445026,0.0418848,0.136126,0.0575916,0.0732984,0.026178,0.0602094,0.0706806,0.0445026,0.0602094,0.10733
0.0820896,0.0771144,0.0597015,0.0771144,0.0522388,0.0422886,0.144279,0.0497512,0.0472637,0.0273632,0.0522388,0.0721393,0.0547264,0.0547264,0.106965
0.0507042,0.101408,0.0619718,0.0929577,0.0535211,0.0450704,0.152113,0.0676056,0.0591549,0.0338028,0.0450704,0.0619718,0.0394366,0.0450704,0.0901408
0.0490798,0.0828221,0.0674847,0.0736196,0.0582822,0.0552147,0.156442,0.0736196,0.0429448,0.0368098,0.0521472,0.0674847,0.0582822,0.0429448,0.0828221
0.0529954,0.0576037,0.0714286,0.0714286,0.078341,0.0645161,0.110599,0.0737327,0.0506912,0.0645161,0.062212,0.0990783,0.046083,0.046083,0.0506912
0.0629213,0.0898876,0.0629213,0.0539326,0.101124,0.0651685,0.107865,0.0741573,0.0359551,0.0606742,0.0539326,0.0786517,0.0404494,0.0561798,0.0561798
0.0587121,0.0625,0.0700758,0.0606061,0.0965909,0.0568182,0.094697,0.0719697,0.0530303,0.0833333,0.0473485,0.0719697,0.0568182,0.0492424,0.0662879
0.0483871,0.102151,0.0591398,0.0681004,0.0967742,0.0663082,0.078853,0.0752688,0.0519713,0.0663082,0.0394265,0.0698925,0.0448029,0.062724,0.0698925
0.0592593,0.0759259,0.0703704,0.062963,0.0833333,0.0685185,0.0981481,0.0685185,0.0611111,0.0703704,0.05,0.0759259,0.0351852,0.0444444,0.0759259
0.0582011,0.0582011,0.0582011,0.0555556,0.10582,0.0555556,0.116402,0.0608466,0.047619,0.0767196,0.0555556,0.0661376,0.047619,0.047619,0.0899471
0.0477454,0.0424403,0.0689655,0.0557029,0.100796,0.0636605,0.108753,0.0822281,0.061008,0.071618,0.0557029,0.071618,0.0450928,0.0344828,0.0901857
0.0514905,0.0596206,0.0623306,0.0677507,0.111111,0.0542005,0.119241,0.0677507,0.0460705,0.0948509,0.0406504,0.0840108,0.0379404,0.0189702,0.0840108
0.039267,0.0706806,0.0602094,0.0418848,0.109948,0.0575916,0.109948,0.0732984,0.0602094,0.0863874,0.0497382,0.0732984,0.039267,0.0471204,0.0811518
0.0544041,0.0595855,0.0595855,0.0414508,0.124352,0.0647668,0.11399,0.0569948,0.0621762,0.0673575,0.0518135,0.0803109,0.0440415,0.0259067,0.0932642
0.0529248,0.0557103,0.0640668,0.0779944,0.0612813,0.0612813,0.125348,0.0724234,0.0668524,0.0584958,0.0501393,0.0779944,0.0501393,0.0334262,0.091922
0.0374332,0.0561497,0.0695187,0.0721925,0.0775401,0.0534759,0.120321,0.0882353,0.0775401,0.0481283,0.026738,0.0802139,0.0508021,0.0614973,0.0802139
0.0418848,0.0549738,0.0575916,0.0890052,0.0680628,0.0418848,0.149215,0.0759162,0.0759162,0.0418848,0.0445026,0.0549738,0.078534,0.0445026,0.0811518
0.0409836,0.057377,0.0710382,0.0901639,0.0655738,0.0409836,0.10929,0.0846995,0.079235,0.0546448,0.0437158,0.068306,0.057377,0.0437158,0.0928962
0.0575342,0.0767123,0.0712329,0.10137,0.0712329,0.060274,0.123288,0.0767123,0.060274,0.0493151,0.0383562,0.0465753,0.0438356,0.0410959,0.0821918
0.0620843,0.0554324,0.0576497,0.0465632,0.0731707,0.0554324,0.108647,0.0776053,0.0687361,0.0665188,0.0620843,0.0532151,0.0576497,0.0842572,0.0709534
0.0632054,0.0519187,0.0744921,0.0496614,0.0744921,0.0564334,0.115124,0.0880361,0.0654628,0.0767494,0.0586907,0.0519187,0.0632054,0.0541761,0.0564334
0.0525114,0.0707763,0.0753425,0.0730594,0.0502283,0.0593607,0.130137,0.0593607,0.0547945,0.0525114,0.0570776,0.0593607,0.0639269,0.0570776,0.0844749
0.0573248,0.0530786,0.0700637,0.0509554,0.0552017,0.0636943,0.131635,0.0679406,0.0679406,0.059448,0.0636943,0.0573248,0.0700637,0.0509554,0.0806794
0.0609481,0.0541761,0.0812641,0.0496614,0.0519187,0.0519187,0.13544,0.0699774,0.0790068,0.0496614,0.0586907,0.0632054,0.0609481,0.0519187,0.0812641
0.0758929,0.0178571,0.0357143,0.107143,0.0357143,0.0758929,0.0892857,0.0848214,0.03125,0.0625,0.0758929,0.0892857,0.0714286,0.03125,0.116071
0.0826772,0.0314961,0.0393701,0.0629921,0.0551181,0.0669291,0.0944882,0.0551181,0.0629921,0.0551181,0.0826772,0.0748032,0.0866142,0.0511811,0.0984252
0.0720339,0.0169492,0.0338983,0.0720339,0.0762712,0.0550847,0.0847458,0.0635593,0.029661,0.0508475,0.0847458,0.0974576,0.127119,0.0466102,0.0889831
0.0954357,0.0165975,0.0290456,0.0871369,0.0788382,0.0746888,0.0622407,0.0497925,0.0497925,0.0539419,0.06639,0.120332,0.107884,0.0456432,0.0622407
0.0846774,0.0362903,0.0322581,0.0685484,0.0806452,0.0645161,0.0766129,0.0685484,0.0483871,0.0524194,0.0645161,0.0887097,0.0806452,0.0604839,0.0927419
0.0693877,0.0285714,0.0244898,0.077551,0.0693877,0.0693877,0.077551,0.0693877,0.0367347,0.0857143,0.0653061,0.0816327,0.0979592,0.0489796,0.0979592
0.059322,0.0487288,0.059322,0.0508475,0.0317797,0.0402542,0.0699153,0.131356,0.0614407,0.0148305,0.0783898,0.059322,0.0677966,0.0847458,0.141949
0.0531915,0.0574468,0.0702128,0.0340426,0.0276596,0.0446808,0.0702128,0.110638,0.0787234,0.0170213,0.093617,0.0531915,0.0851064,0.093617,0.110638
0.0620843,0.0487805,0.0487805,0.059867,0.0354767,0.0443459,0.0643016,0.141907,0.0421286,0.0443459,0.0731707,0.0620843,0.0820399,0.0820399,0.108647
0.0491803,0.0471311,0.057377,0.0491803,0.0430328,0.0286885,0.0778688,0.116803,0.057377,0.0409836,0.0717213,0.0819672,0.0737705,0.0676229,0.137295
0.045738,0.047817,0.0498961,0.0540541,0.045738,0.031185,0.0706861,0.106029,0.0810811,0.022869,0.0977131,0.0602911,0.0935551,0.0790021,0.114345
0.0374332,0.0614973,0.0695187,0.0721925,0.122995,0.0454545,0.136364,0.0641711,0.0481283,0.0508021,0.0427807,0.0641711,0.0320856,0.040107,0.112299
0.0440771,0.077135,0.0743802,0.0633609,0.126722,0.0495868,0.134986,0.0798898,0.0247934,0.0550964,0.0358127,0.0523416,0.0275482,0.046832,0.107438
0.0409836,0.0874317,0.0819672,0.0737705,0.144809,0.057377,0.13388,0.0655738,0.0273224,0.0519126,0.0327869,0.057377,0.0409836,0.0464481,0.057377
0.0524934,0.0761155,0.0813648,0.0603675,0.136483,0.0551181,0.12336,0.0734908,0.0288714,0.0603675,0.0341207,0.0682415,0.0341207,0.0367454,0.0787402
0.0405405,0.0891892,0.0783784,0.0567568,0.124324,0.0432432,0.12973,0.0621622,0.0378378,0.0675676,0.0432432,0.0621622,0.0432432,0.0405405,0.0810811
0.0880682,0.0397727,0.0681818,0.0568182,0.0625,0.0482955,0.113636,0.0795455,0.0738636,0.03125,0.0681818,0.0454545,0.0596591,0.0426136,0.122159
0.0801282,0.0448718,0.0705128,0.0641026,0.0673077,0.0608974,0.13141,0.0608974,0.0512821,0.0352564,0.0769231,0.073718,0.0705128,0.0352564,0.0769231
0.0756014,0.0343643,0.072165,0.0652921,0.0412371,0.0549828,0.14433,0.0549828,0.0584192,0.0446735,0.0584192,0.0652921,0.0756014,0.0549828,0.0996564
0.0782313,0.0340136,0.0714286,0.0578231,0.047619,0.0578231,0.115646,0.0612245,0.0510204,0.0442177,0.0680272,0.0612245,0.0816327,0.0612245,0.108844
0.0810811,0.0472973,0.0675676,0.0641892,0.0405405,0.0675676,0.135135,0.0777027,0.0506757,0.0439189,0.0608108,0.0608108,0.0472973,0.0641892,0.0912162
0.0422535,0.0535211,0.0788732,0.0507042,0.112676,0.0619718,0.11831,0.0760563,0.0619718,0.0394366,0.0478873,0.0873239,0.0450704,0.0366197,0.0873239
0.0493151,0.0547945,0.0630137,0.060274,0.090411,0.0547945,0.126027,0.0684932,0.0630137,0.060274,0.0493151,0.0712329,0.0465753,0.060274,0.0821918
0.0495627,0.0379009,0.0728863,0.0379009,0.104956,0.0553936,0.154519,0.0641399,0.0495627,0.0641399,0.058309,0.0816327,0.0495627,0.0408163,0.0787172
0.0487106,0.0716332,0.0744986,0.0659026,0.0974212,0.0544413,0.12894,0.0573066,0.0601719,0.0458453,0.0573066,0.0744986,0.0573066,0.0458453,0.0601719
0.0393258,0.0617978,0.0589888,0.0730337,0.109551,0.0533708,0.134831,0.0617978,0.0589888,0.0589888,0.0393258,0.0814607,0.0308989,0.0449438,0.0926966
0.0741758,0.0494506,0.0604396,0.0247253,0.0686813,0.0741758,0.115385,0.0961538,0.0521978,0.0604396,0.0412088,0.0769231,0.0494506,0.0521978,0.104396
0.0570071,0.0546318,0.0593824,0.0688836,0.0950119,0.0451306,0.0831354,0.0926366,0.0475059,0.0570071,0.0546318,0.0665083,0.0736342,0.0617577,0.0831354
0.0512048,0.0512048,0.0783132,0.063253,0.0572289,0.0692771,0.105422,0.0753012,0.0391566,0.0662651,0.060241,0.0572289,0.0572289,0.0512048,0.11747
0.0477528,0.0674157,0.0674157,0.0758427,0.0926966,0.0561798,0.115169,0.0505618,0.0477528,0.0617978,0.0477528,0.0674157,0.0533708,0.0365169,0.11236
0.0422535,0.0760563,0.0619718,0.0647887,0.0929577,0.056338,0.132394,0.0901408,0.0366197,0.0619718,0.0422535,0.0422535,0.0478873,0.0309859,0.121127
0.0510204,0.0591837,0.0693877,0.044898,0.0857143,0.0510204,0.114286,0.0653061,0.0673469,0.0918367,0.0571429,0.0632653,0.0489796,0.0326531,0.0979592
0.0430622,0.0598086,0.0717703,0.0574163,0.0837321,0.0574163,0.165072,0.0598086,0.0526316,0.0741627,0.0382775,0.0741627,0.0406699,0.0406699,0.0813397
0.0578512,0.0454545,0.0950413,0.0495868,0.0681818,0.0454545,0.128099,0.0578512,0.0516529,0.0743802,0.0516529,0.0805785,0.0702479,0.0454545,0.0785124
0.058296,0.0448431,0.0919283,0.0784753,0.0627803,0.0470852,0.134529,0.0605381,0.0358744,0.0605381,0.0538117,0.0672646,0.0650224,0.0515695,0.0874439
0.0548246,0.0482456,0.0877193,0.0635965,0.0635965,0.0701754,0.140351,0.0526316,0.0416667,0.0657895,0.0635965,0.0679825,0.0592105,0.0504386,0.0701754
0.0555556,0.0701754,0.0672515,0.111111,0.0380117,0.0614035,0.128655,0.0701754,0.0643275,0.0350877,0.0614035,0.0438596,0.0497076,0.0438596,0.0994152
0.0524934,0.0577428,0.0682415,0.0734908,0.0577428,0.0577428,0.128609,0.0708661,0.0603675,0.0603675,0.0524934,0.0603675,0.0629921,0.0472441,0.0892388
0.0472637,0.0621891,0.0572139,0.0970149,0.0597015,0.0597015,0.114428,0.0671642,0.0646766,0.0547264,0.0373134,0.0472637,0.0671642,0.0472637,0.116915
0.0512821,0.0666667,0.0538462,0.0820513,0.0461538,0.0564103,0.112821,0.0923077,0.0666667,0.0512821,0.0435897,0.0589744,0.0615385,0.0461538,0.110256
0.0501475,0.0737463,0.0678466,0.0678466,0.0471976,0.0530973,0.138643,0.0825959,0.0707965,0.0501475,0.0471976,0.058997,0.0560472,0.0471976,0.0884956
0.0754098,0.0491803,0.104918,0.0983607,0.0327869,0.0688525,0.121311,0.0459016,0.0491803,0.0426229,0.0491803,0.0590164,0.0655738,0.0491803,0.0885246
0.0460123,0.0429448,0.0920245,0.0889571,0.0705521,0.0521472,0.150307,0.0460123,0.0613497,0.0429448,0.0613497,0.0582822,0.0613497,0.0398773,0.0858896
0.056213,0.0414201,0.0857988,0.118343,0.0502959,0.0502959,0.133136,0.0710059,0.0769231,0.0532544,0.0532544,0.0502959,0.0473373,0.0266272,0.0857988
0.0888889,0.047619,0.0761905,0.0920635,0.0539683,0.0539683,0.130159,0.0698413,0.0634921,0.047619,0.0571429,0.0444444,0.047619,0.0380952,0.0888889
0.0698925,0.0430108,0.0887097,0.077957,0.0510753,0.0591398,0.120968,0.0752688,0.0645161,0.0645161,0.0483871,0.0430108,0.0483871,0.0510753,0.094086
0.0656566,0.0707071,0.0631313,0.0808081,0.0580808,0.050505,0.0934343,0.0984849,0.0429293,0.0606061,0.0782828,0.050505,0.0580808,0.0580808,0.0707071
0.0616967,0.0771208,0.092545,0.0822622,0.059126,0.0488432,0.0848329,0.0951157,0.0411311,0.0514139,0.0694087,0.0437018,0.0514139,0.066838,0.0745501
0.075718,0.0704961,0.0861619,0.0887728,0.0626632,0.0548303,0.0887728,0.0704961,0.0365535,0.0574413,0.075718,0.0469974,0.0443864,0.0469974,0.0939948
0.0788732,0.0732394,0.0732394,0.0704225,0.0676056,0.0619718,0.0901408,0.101408,0.0422535,0.0422535,0.0619718,0.0478873,0.0535211,0.0535211,0.0816901
0.0617978,0.0702247,0.0730337,0.0674157,0.0646067,0.0646067,0.0926966,0.103933,0.0308989,0.0505618,0.0814607,0.0477528,0.0674157,0.0449438,0.0786517
0.0634006,0.0720461,0.0778098,0.0893372,0.0605187,0.0518732,0.103746,0.0979827,0.0259366,0.0518732,0.0749279,0.0518732,0.0691643,0.0489914,0.0605187
0.0518519,0.0345679,0.0888889,0.0395062,0.0740741,0.0740741,0.138272,0.0666667,0.0469136,0.0592593,0.0444444,0.0814815,0.037037,0.0592593,0.103704
0.0615764,0.0492611,0.0615764,0.044335,0.0960591,0.0615764,0.137931,0.0615764,0.0665025,0.0591133,0.0517241,0.0812808,0.0541872,0.0394089,0.0738916
0.0385542,0.0650602,0.0722892,0.0409639,0.101205,0.0578313,0.120482,0.0722892,0.0746988,0.0722892,0.0433735,0.0746988,0.0457831,0.0385542,0.0819277
0.0497836,0.0692641,0.0800866,0.0735931,0.108225,0.0454545,0.103896,0.047619,0.0649351,0.0692641,0.047619,0.0692641,0.0562771,0.0411255,0.0735931
0.0475113,0.0565611,0.0723982,0.061086,0.104072,0.0475113,0.10181,0.0656109,0.061086,0.0723982,0.0565611,0.0656109,0.0542986,0.0452489,0.0882353
0.0753968,0.0277778,0.0555556,0.0873016,0.0793651,0.0595238,0.134921,0.0714286,0.0277778,0.0396825,0.0833333,0.0515873,0.0793651,0.0396825,0.0873016
0.0702479,0.0371901,0.053719,0.0785124,0.0661157,0.0619835,0.119835,0.0991735,0.0371901,0.0371901,0.0991735,0.0454545,0.0702479,0.0454545,0.0785124
0.0618182,0.0363636,0.04,0.116364,0.0654545,0.0545455,0.116364,0.0981818,0.0363636,0.0218182,0.101818,0.0545455,0.0763636,0.04,0.08
0.0571429,0.0285714,0.05,0.139286,0.0678571,0.0607143,0.0928571,0.0785714,0.0464286,0.0607143,0.0821429,0.0428571,0.0642857,0.0392857,0.0892857
0.0712074,0.0402477,0.0495356,0.0990712,0.0588235,0.0619195,0.0959752,0.0773994,0.0495356,0.0588235,0.0866873,0.0526316,0.0464396,0.0557276,0.0959752
0.0681818,0.0265152,0.0681818,0.094697,0.0606061,0.0454545,0.094697,0.0795455,0.0530303,0.0492424,0.0757576,0.0454545,0.0984849,0.0454545,0.094697
0.06639,0.0248963,0.06639,0.0912863,0.0622407,0.0456432,0.103734,0.0580913,0.06639,0.0373444,0.0912863,0.0497925,0.0995851,0.0456432,0.0912863
0.0857143,0.0571429,0.0642857,0.075,0.0642857,0.0607143,0.0857143,0.05,0.0464286,0.0571429,0.0857143,0.05,0.0821429,0.0535714,0.0821429
0.077193,0.0385965,0.0526316,0.0561404,0.0807018,0.045614,0.0666667,0.0807018,0.0666667,0.0421053,0.0842105,0.0350877,0.0842105,0.0631579,0.126316
0.0745763,0.020339,0.0610169,0.0711864,0.0576271,0.0508475,0.0711864,0.0949153,0.0644068,0.0644068,0.0847458,0.0542373,0.0881356,0.0711864,0.0711864
0.0515759,0.0515759,0.0830946,0.0716332,0.0544413,0.0573066,0.114613,0.0744986,0.0401146,0.0544413,0.0659026,0.0458453,0.0716332,0.0372493,0.126075
0.0541311,0.0598291,0.0797721,0.0712251,0.0683761,0.048433,0.0883191,0.0769231,0.0541311,0.039886,0.0655271,0.0598291,0.0769231,0.031339,0.125356
0.0542005,0.0542005,0.0758808,0.0514905,0.0542005,0.0596206,0.0948509,0.0785908,0.0623306,0.0433604,0.0704607,0.0758808,0.0785908,0.0271003,0.119241
0.0582751,0.041958,0.0792541,0.0629371,0.0606061,0.04662,0.0979021,0.0862471,0.0629371,0.0512821,0.0675991,0.048951,0.0862471,0.048951,0.100233
0.0625,0.0504808,0.0673077,0.0504808,0.03125,0.0384615,0.112981,0.105769,0.0817308,0.0528846,0.0697115,0.0528846,0.0745192,0.0504808,0.0985577
0.0699301,0.041958,0.0675991,0.032634,0.044289,0.048951,0.109557,0.0792541,0.0909091,0.04662,0.0745921,0.0699301,0.0792541,0.044289,0.100233
0.0511628,0.0651163,0.0767442,0.0511628,0.0860465,0.0488372,0.104651,0.0627907,0.0813954,0.0674419,0.0511628,0.072093,0.072093,0.0302326,0.0790698
0.0466667,0.0711111,0.0511111,0.0511111,0.0933333,0.0511111,0.111111,0.0644444,0.0955556,0.0644444,0.0466667,0.0666667,0.0622222,0.0355556,0.0888889
0.0409639,0.0674699,0.0626506,0.0771084,0.086747,0.0554217,0.103614,0.0698795,0.060241,0.0554217,0.0626506,0.0722892,0.0385542,0.0433735,0.103614
0.0384615,0.0520362,0.061086,0.0791855,0.0950226,0.0475113,0.138009,0.0588235,0.0656109,0.061086,0.0475113,0.0723982,0.0429864,0.0384615,0.10181
0.0447761,0.0696517,0.0497512,0.0522388,0.10199,0.0497512,0.124378,0.0597015,0.0696517,0.0646766,0.0497512,0.0945274,0.0447761,0.0298507,0.0945274
0.0833333,0.0384615,0.0929487,0.0897436,0.0320513,0.0576923,0.121795,0.0769231,0.0608974,0.0192308,0.0641026,0.0512821,0.0673077,0.0448718,0.099359
0.0982143,0.0446429,0.0803571,0.0803571,0.0297619,0.0625,0.127976,0.077381,0.0327381,0.0178571,0.0595238,0.0625,0.0595238,0.0714286,0.0952381
0.0977199,0.0488599,0.0684039,0.0749186,0.0325733,0.0553746,0.127036,0.0749186,0.0553746,0.0260586,0.0521173,0.0553746,0.0716612,0.0488599,0.110749
0.0877193,0.0421053,0.077193,0.0877193,0.0315789,0.0736842,0.119298,0.0842105,0.0596491,0.0105263,0.0491228,0.0526316,0.0561404,0.0561404,0.112281
0.0955631,0.0375427,0.0580205,0.0887372,0.0307167,0.0511945,0.105802,0.0580205,0.0750853,0.0273038,0.0819113,0.0511945,0.0716724,0.0477816,0.119454
0.0625,0.0565476,0.0684524,0.0625,0.0565476,0.0625,0.116071,0.0684524,0.0595238,0.0565476,0.0535714,0.0744048,0.0535714,0.047619,0.10119
0.048433,0.0712251,0.0683761,0.0854701,0.0569801,0.0712251,0.0997151,0.0541311,0.0655271,0.0655271,0.0740741,0.0769231,0.048433,0.031339,0.0826211
0.0432099,0.0524691,0.058642,0.0709877,0.0833333,0.0833333,0.0987654,0.0524691,0.0771605,0.0524691,0.0524691,0.0771605,0.0493827,0.0493827,0.0987654
0.0656716,0.0597015,0.0686567,0.0955224,0.0686567,0.0776119,0.101493,0.041791,0.0626866,0.0447761,0.0626866,0.0597015,0.0597015,0.038806,0.0925373
0.0379404,0.0623306,0.0813008,0.0894309,0.0758808,0.0704607,0.116531,0.0650406,0.0569106,0.0650406,0.0569106,0.0487805,0.0514905,0.0352304,0.0867209
0.0727763,0.0431267,0.0754717,0.0943396,0.0539084,0.0619946,0.105121,0.0754717,0.0619946,0.0458221,0.0592992,0.06469,0.0539084,0.0404313,0.0916442
0.0809399,0.0391645,0.0678851,0.0887728,0.0417755,0.0574413,0.125326,0.0548303,0.0652741,0.0496084,0.0600522,0.075718,0.0600522,0.0496084,0.0835509
0.0747423,0.0463918,0.100515,0.0824742,0.0412371,0.0515464,0.110825,0.0721649,0.0695876,0.0592784,0.0515464,0.0489691,0.056701,0.0438144,0.0902062
0.0904646,0.0684597,0.0562347,0.0806846,0.0464548,0.0464548,0.0977995,0.0586797,0.0586797,0.0660147,0.0586797,0.0586797,0.0684597,0.0586797,0.0855746
0.0909091,0.0508021,0.0588235,0.0935829,0.0454545,0.0588235,0.0935829,0.0695187,0.0802139,0.0534759,0.0641711,0.0588235,0.0695187,0.040107,0.0721925
0.0960699,0.0131004,0.0742358,0.0655022,0.0480349,0.0611354,0.126638,0.069869,0.0393013,0.0305677,0.0567686,0.100437,0.0480349,0.0524017,0.117904
0.0811966,0.00854701,0.042735,0.0769231,0.042735,0.025641,0.166667,0.0512821,0.0512821,0.025641,0.0769231,0.106838,0.0384615,0.0598291,0.145299
0.0946502,0.0205761,0.0617284,0.090535,0.0246914,0.037037,0.139918,0.0576132,0.0493827,0.0246914,0.0699588,0.0864198,0.0617284,0.0740741,0.106996
0.0813954,0.0155039,0.0620155,0.0581395,0.0310078,0.0503876,0.112403,0.0697674,0.0465116,0.0310078,0.0930233,0.0930233,0.0620155,0.0542636,0.139535
0.104839,0.016129,0.0806452,0.0766129,0.0443548,0.0645161,0.104839,0.0766129,0.0322581,0.016129,0.0806452,0.0967742,0.0685484,0.0483871,0.0887097
0.0825397,0.0349206,0.0666667,0.0730159,0.047619,0.0603175,0.0666667,0.0793651,0.0603175,0.0571429,0.0666667,0.0603175,0.0888889,0.0634921,0.0920635
0.0872483,0.033557,0.0637584,0.0738255,0.0637584,0.0402685,0.0604027,0.0738255,0.0469799,0.057047,0.0939597,0.0469799,0.107383,0.0536913,0.0973154
0.10828,0.0414013,0.0541401,0.0732484,0.0605096,0.0605096,0.044586,0.0828025,0.0286624,0.0700637,0.0796178,0.044586,0.089172,0.0700637,0.0923567
0.0948905,0.0510949,0.0510949,0.0948905,0.0583942,0.0583942,0.0620438,0.105839,0.0328467,0.0583942,0.0620438,0.0510949,0.0693431,0.0693431,0.080292
0.0909091,0.034965,0.0559441,0.0699301,0.0629371,0.048951,0.0559441,0.0839161,0.0454545,0.0804196,0.0804196,0.0734266,0.0769231,0.0454545,0.0944056
0.0633484,0.0678733,0.0678733,0.0769231,0.0859729,0.0542986,0.104072,0.0656109,0.0723982,0.0701357,0.0429864,0.0701357,0.0475113,0.0361991,0.0746606
0.0640496,0.0826446,0.072314,0.0909091,0.0785124,0.0578512,0.0929752,0.0640496,0.0681818,0.0557851,0.0475207,0.0681818,0.0433884,0.0433884,0.0702479
0.0626305,0.0814196,0.0751566,0.10856,0.0793319,0.0542798,0.085595,0.0668058,0.0563674,0.0542798,0.0417537,0.0751566,0.0501044,0.0542798,0.0542798
0.0607843,0.0843137,0.0784314,0.105882,0.0882353,0.054902,0.0941177,0.0607843,0.0392157,0.0509804,0.0568627,0.0764706,0.054902,0.0431373,0.0509804
0.0686869,0.10303,0.0626263,0.0929293,0.0989899,0.0525253,0.10303,0.0585859,0.040404,0.0606061,0.0484849,0.0585859,0.0464646,0.0505051,0.0545455
0.0588235,0.0661765,0.0710784,0.0441176,0.0637255,0.0514706,0.139706,0.0882353,0.0490196,0.0637255,0.0588235,0.0441176,0.0637255,0.0612745,0.0759804
0.0717593,0.0671296,0.0740741,0.0532407,0.0578704,0.0694444,0.12963,0.0671296,0.0694444,0.0578704,0.0486111,0.0810185,0.0462963,0.0578704,0.0486111
0.0566502,0.0738916,0.0714286,0.0591133,0.0788177,0.0591133,0.1133,0.0812808,0.0418719,0.0615764,0.0566502,0.0665025,0.0615764,0.0566502,0.0615764
0.056701,0.0927835,0.0773196,0.0592784,0.056701,0.0592784,0.128866,0.0592784,0.056701,0.0541237,0.0618557,0.0515464,0.0618557,0.0515464,0.0721649
0.0532995,0.0812183,0.0812183,0.0685279,0.0634518,0.0583756,0.119289,0.0507614,0.0558376,0.0736041,0.0507614,0.0482234,0.0761421,0.0482234,0.071066
0.0601504,0.0902256,0.0802005,0.100251,0.0701754,0.047619,0.142857,0.0401003,0.0551378,0.0651629,0.037594,0.0601504,0.0526316,0.0451128,0.0526316
0.0688172,0.0817204,0.0709677,0.109677,0.0967742,0.0494624,0.122581,0.0473118,0.0387097,0.0688172,0.0344086,0.055914,0.0387097,0.0430108,0.0731183
0.0661323,0.0881764,0.0861723,0.1002,0.0841683,0.0420842,0.11022,0.0621242,0.0320641,0.0801603,0.0380762,0.0541082,0.0400802,0.0561122,0.0601202
0.0711009,0.0963303,0.0642202,0.0940367,0.0619266,0.0527523,0.110092,0.0665138,0.0389908,0.0733945,0.0527523,0.0504587,0.0458716,0.0481651,0.0733945
0.0518868,0.115566,0.0613208,0.106132,0.0778302,0.0471698,0.113208,0.0589623,0.0448113,0.0636792,0.0542453,0.0471698,0.0495283,0.0424528,0.0660377
0.0972644,0.0334347,0.0820669,0.0364742,0.0790274,0.0516717,0.100304,0.0699088,0.0395137,0.0790274,0.0516717,0.0638298,0.0607903,0.0516717,0.103343
0.0867052,0.0289017,0.0578035,0.0520231,0.0693642,0.066474,0.121387,0.0780347,0.0404624,0.0751445,0.0606936,0.0635838,0.066474,0.0346821,0.0982659
0.0776398,0.0310559,0.0714286,0.0652174,0.0714286,0.052795,0.111801,0.068323,0.0341615,0.052795,0.0838509,0.0807453,0.0621118,0.0434783,0.0931677
0.0878788,0.0242424,0.0575758,0.0545455,0.0757576,0.0727273,0.10303,0.0757576,0.0424242,0.0545455,0.10303,0.0545455,0.0636364,0.0363636,0.0939394
0.0620915,0.0424837,0.0457516,0.0686275,0.104575,0.0522876,0.124183,0.0947712,0.0359477,0.0555556,0.0784314,0.0653595,0.0392157,0.0392157,0.0915033
0.0662461,0.0536278,0.0788644,0.0788644,0.0662461,0.0599369,0.0536278,0.0851735,0.0599369,0.0567823,0.0725552,0.0694006,0.0662461,0.044164,0.0883281
0.0577508,0.0759878,0.0668693,0.0851064,0.0820669,0.0516717,0.0577508,0.0638298,0.0851064,0.0395137,0.0516717,0.0607903,0.0759878,0.0425532,0.103343
0.0683761,0.0826211,0.0655271,0.0854701,0.0883191,0.0655271,0.048433,0.0712251,0.0512821,0.0598291,0.0598291,0.0683761,0.0541311,0.0541311,0.0769231
0.0567568,0.0675676,0.0540541,0.0837838,0.0702703,0.0540541,0.0540541,0.0783784,0.0567568,0.0621622,0.0486486,0.0918919,0.0648649,0.0621622,0.0945946
0.0650155,0.0773994,0.0650155,0.0866873,0.0866873,0.0588235,0.0588235,0.0835913,0.0433437,0.0588235,0.0309598,0.0619195,0.0712074,0.0402477,0.111455
0.0585242,0.0407125,0.0814249,0.0661578,0.0839695,0.0661578,0.10687,0.0585242,0.0610687,0.0687023,0.0381679,0.0839695,0.043257,0.0458015,0.0966921
0.0455696,0.0683544,0.0810127,0.0632911,0.0987342,0.0607595,0.108861,0.0455696,0.0810127,0.0658228,0.0405063,0.0632911,0.0531646,0.0303797,0.0936709
0.0439024,0.0658537,0.0609756,0.0756098,0.102439,0.0463415,0.097561,0.0658537,0.0902439,0.0439024,0.0536585,0.0780488,0.0560976,0.0317073,0.0878049
0.0508021,0.0748663,0.0641711,0.0775401,0.0962567,0.0481283,0.109626,0.0508021,0.0695187,0.0668449,0.0508021,0.0641711,0.0481283,0.0320856,0.0962567
0.0635838,0.0780347,0.0606936,0.083815,0.106936,0.0635838,0.109827,0.0491329,0.066474,0.0578035,0.0375723,0.066474,0.0491329,0.0231214,0.083815
0.0544959,0.0408719,0.0599455,0.0953678,0.0899183,0.0681199,0.128065,0.0544959,0.0653951,0.0381471,0.0463215,0.103542,0.0599455,0.027248,0.0681199
0.0338028,0.0619718,0.0591549,0.0647887,0.129577,0.0478873,0.112676,0.084507,0.0704225,0.0422535,0.0366197,0.0704225,0.0591549,0.0450704,0.0816901
0.0572207,0.0544959,0.0544959,0.0354223,0.117166,0.0490463,0.128065,0.0653951,0.0490463,0.0626703,0.0681199,0.0653951,0.0435967,0.0517711,0.0980926
0.05,0.065,0.055,0.05,0.115,0.0575,0.09,0.045,0.075,0.06,0.065,0.0775,0.0525,0.0475,0.095
0.0547945,0.0767123,0.0493151,0.0739726,0.0821918,0.0657534,0.0931507,0.0465753,0.0739726,0.060274,0.0575342,0.0849315,0.0465753,0.0383562,0.0958904
0.0439277,0.0749354,0.0620155,0.0671835,0.100775,0.0465116,0.0956072,0.0620155,0.0956072,0.0490956,0.0542636,0.0645995,0.0568475,0.0361757,0.0904393
0.0465686,0.0367647,0.0833333,0.0490196,0.0661765,0.0392157,0.144608,0.0759804,0.0539216,0.0784314,0.0588235,0.0686275,0.0612745,0.0465686,0.0906863
0.0541176,0.0588235,0.0752941,0.0588235,0.0611765,0.0447059,0.131765,0.0635294,0.0658823,0.0847059,0.0658823,0.08,0.0494118,0.0494118,0.0564706
0.0413625,0.0413625,0.0900243,0.0486618,0.0583942,0.053528,0.143552,0.0656934,0.0559611,0.0827251,0.0681265,0.0827251,0.0559611,0.0462287,0.0656934
0.0330396,0.0638767,0.0837004,0.0572687,0.0704846,0.0440529,0.138767,0.0792952,0.0594714,0.0881057,0.0528634,0.0792952,0.0506608,0.0374449,0.061674
0.0369515,0.0438799,0.0808314,0.0484988,0.0623557,0.039261,0.133949,0.0692841,0.073903,0.106236,0.0461894,0.0854503,0.0531178,0.0369515,0.0831409
0.0853658,0.0162602,0.0569106,0.0813008,0.0569106,0.0691057,0.134146,0.0731707,0.0406504,0.0365854,0.0650406,0.0853658,0.0487805,0.0528455,0.097561
0.0699301,0.034965,0.0559441,0.0874126,0.048951,0.0524475,0.132867,0.0559441,0.0384615,0.041958,0.0699301,0.0664336,0.0664336,0.0524475,0.125874
0.0929368,0.0371747,0.0520446,0.070632,0.0520446,0.0483271,0.130112,0.0594796,0.0446097,0.0408922,0.0780669,0.0780669,0.0557621,0.0520446,0.107807
0.0866426,0.0288809,0.0505415,0.0685921,0.0252708,0.0505415,0.151625,0.0577617,0.0433213,0.0252708,0.0794224,0.104693,0.0505415,0.0722022,0.104693
0.114815,0.0222222,0.0444444,0.0518519,0.0333333,0.0481481,0.151852,0.0518519,0.0592593,0.0296296,0.0777778,0.0888889,0.0555556,0.062963,0.107407
0.114625,0.0237154,0.0434783,0.0750988,0.0434783,0.0513834,0.15415,0.055336,0.055336,0.0434783,0.0632411,0.0750988,0.0632411,0.0671937,0.0711462
0.0761155,0.0551181,0.0761155,0.0577428,0.0577428,0.0603675,0.120735,0.0918635,0.0367454,0.0498688,0.0734908,0.0551181,0.0419948,0.0498688,0.0971129
0.075419,0.0530726,0.0782123,0.0586592,0.0782123,0.0558659,0.0865922,0.0782123,0.047486,0.0530726,0.0670391,0.0642458,0.0614525,0.0446927,0.0977654
0.0675676,0.072973,0.0756757,0.0756757,0.0675676,0.0621622,0.108108,0.0675676,0.0594595,0.0648649,0.0540541,0.0405405,0.0675676,0.0459459,0.0702703
0.0583942,0.0583942,0.0681265,0.0510949,0.0705596,0.0583942,0.114355,0.0754258,0.0632603,0.0510949,0.0827251,0.053528,0.0778589,0.0510949,0.0656934
0.0572917,0.0703125,0.0546875,0.046875,0.0598958,0.0572917,0.122396,0.078125,0.0755208,0.0546875,0.0703125,0.0416667,0.0729167,0.0390625,0.0989583
0.0403458,0.0576369,0.0662824,0.0461095,0.054755,0.0576369,0.132565,0.0835735,0.0518732,0.0461095,0.0749279,0.0605187,0.0634006,0.0662824,0.0979827
0.0557103,0.0584958,0.0445682,0.0529248,0.0529248,0.0445682,0.144847,0.086351,0.0584958,0.0389972,0.0724234,0.0612813,0.0557103,0.0668524,0.10585
0.0498615,0.0498615,0.0747922,0.066482,0.0498615,0.0554017,0.144044,0.0831025,0.0581717,0.0360111,0.0775623,0.0526316,0.0443213,0.0360111,0.121884
0.0473815,0.0498753,0.0897756,0.0598504,0.0648379,0.0523691,0.129676,0.0673317,0.0548628,0.0673317,0.0523691,0.0548628,0.042394,0.0648379,0.102244
0.0493506,0.0519481,0.0935065,0.0623377,0.0675325,0.0441558,0.12987,0.0883117,0.0337662,0.0623377,0.0623377,0.0415584,0.0779221,0.0519481,0.0831169
0.0507463,0.0985075,0.0597015,0.110448,0.0537313,0.041791,0.134328,0.0567164,0.080597,0.0477612,0.038806,0.0328358,0.041791,0.0597015,0.0925373
0.030303,0.077135,0.0826446,0.104683,0.077135,0.0440771,0.123967,0.0909091,0.0550964,0.0413223,0.046832,0.0413223,0.0413223,0.0495868,0.0936639
0.0513447,0.0733496,0.0562347,0.0806846,0.0586797,0.0488998,0.102689,0.0782396,0.0488998,0.0635697,0.0391198,0.0586797,0.0415648,0.0611247,0.136919
0.0215311,0.0574163,0.0645933,0.102871,0.0837321,0.062201,0.138756,0.0980861,0.0574163,0.0502392,0.0382775,0.0430622,0.0382775,0.0406699,0.102871
0.0515152,0.0878788,0.0636364,0.0939394,0.0606061,0.0636364,0.127273,0.0909091,0.0515152,0.0454545,0.030303,0.0575758,0.030303,0.0363636,0.109091
0.0570776,0.0639269,0.0936073,0.0799087,0.0616438,0.0502283,0.123288,0.0753425,0.0547945,0.0365297,0.043379,0.0776256,0.043379,0.0525114,0.086758
0.0436893,0.0703883,0.0825243,0.0728155,0.0631068,0.0558252,0.148058,0.0558252,0.0873786,0.0485437,0.0436893,0.0582524,0.0606796,0.0364078,0.0728155
0.0453401,0.0604534,0.0755667,0.0957179,0.0604534,0.0503778,0.148615,0.0780856,0.0554156,0.0403023,0.0403023,0.0755667,0.0428212,0.0503778,0.0806045
0.0492611,0.0566502,0.0591133,0.091133,0.0566502,0.0640394,0.162562,0.0517241,0.0640394,0.0344828,0.044335,0.0837438,0.0295567,0.0640394,0.0886699
0.0620155,0.0697674,0.0749354,0.0956072,0.0568475,0.0516796,0.152455,0.0594315,0.0671835,0.0490956,0.0387597,0.0645995,0.0387597,0.0516796,0.0671835
0.0328767,0.090411,0.0575342,0.142466,0.0794521,0.0520548,0.0849315,0.0712329,0.0273973,0.0849315,0.0191781,0.0684932,0.0356164,0.0493151,0.10411
0.019943,0.105413,0.0512821,0.125356,0.0569801,0.0512821,0.108262,0.0712251,0.048433,0.0569801,0.039886,0.0826211,0.039886,0.045584,0.0968661
0.0325581,0.0744186,0.0674419,0.134884,0.0581395,0.0418605,0.0906977,0.0674419,0.0581395,0.0674419,0.0488372,0.0744186,0.0325581,0.044186,0.106977
0.0294785,0.0975057,0.0634921,0.126984,0.0521542,0.0340136,0.090703,0.0544218,0.0544218,0.0952381,0.0453515,0.0680272,0.047619,0.0362812,0.104308
0.0225,0.1175,0.045,0.13,0.0525,0.035,0.1025,0.0825,0.0475,0.0725,0.04,0.065,0.0375,0.045,0.105
0.0205128,0.0948718,0.0589744,0.187179,0.0512821,0.0333333,0.110256,0.0564103,0.0487179,0.0564103,0.0461538,0.0589744,0.0384615,0.0410256,0.0974359
0.0552764,0.0452261,0.0829146,0.0653266,0.040201,0.0552764,0.11809,0.0728643,0.0879397,0.0326633,0.0477387,0.0854271,0.0653266,0.0452261,0.100503
0.069869,0.0611354,0.100437,0.0786026,0.0502183,0.0502183,0.0873362,0.0873362,0.0633188,0.0240175,0.0414847,0.0720524,0.0567686,0.0742358,0.0829694
0.0611354,0.0458515,0.0851528,0.058952,0.0524017,0.0349345,0.104803,0.0742358,0.0873362,0.0218341,0.0655022,0.0655022,0.0895196,0.0502183,0.10262
0.0395604,0.0769231,0.0791209,0.0791209,0.0395604,0.0373626,0.105495,0.0769231,0.0769231,0.0307692,0.0483516,0.0615385,0.0747253,0.0681319,0.105495
0.0487239,0.0580046,0.0765661,0.0742459,0.0278422,0.0464037,0.118329,0.088167,0.0812065,0.0232019,0.0533643,0.0672854,0.0812065,0.0603248,0.0951276
0.0550459,0.0366972,0.0665138,0.0573394,0.0711009,0.0504587,0.0963303,0.0802752,0.105505,0.0458716,0.0688073,0.0550459,0.0642202,0.0527523,0.0940367
0.0569476,0.0501139,0.0637813,0.0523918,0.070615,0.0523918,0.100228,0.0728929,0.104784,0.0637813,0.0615034,0.0592255,0.0615034,0.0387244,0.0911162
0.037037,0.0601852,0.0694444,0.0578704,0.0763889,0.0555556,0.108796,0.0555556,0.0833333,0.0601852,0.0717593,0.0625,0.0740741,0.0462963,0.0810185
0.0545455,0.0805195,0.0545455,0.0415584,0.0727273,0.0571429,0.106494,0.0805195,0.0753247,0.0675325,0.0597403,0.0805195,0.0545455,0.0311688,0.0831169
0.0434783,0.0628019,0.0628019,0.0748792,0.0869565,0.0603865,0.101449,0.0603865,0.0821256,0.0628019,0.0531401,0.0772947,0.0531401,0.031401,0.0869565
0.0532151,0.0620843,0.0820399,0.0554324,0.0643016,0.0554324,0.124169,0.0909091,0.0465632,0.0443459,0.0421286,0.0643016,0.0643016,0.0509978,0.0997783
0.0488372,0.0511628,0.0813954,0.0790698,0.0581395,0.0581395,0.132558,0.0767442,0.072093,0.0395349,0.0534884,0.0581395,0.0627907,0.0395349,0.0883721
0.059952,0.0671463,0.0623501,0.0551559,0.0647482,0.0551559,0.105516,0.0839329,0.0455635,0.0527578,0.0647482,0.0479616,0.0719424,0.0335731,0.129496
0.0462287,0.0778589,0.0851581,0.0705596,0.0486618,0.0510949,0.116788,0.080292,0.0681265,0.0413625,0.0389294,0.0632603,0.0437956,0.0559611,0.111922
0.055814,0.0860465,0.0604651,0.0837209,0.0604651,0.044186,0.116279,0.0767442,0.0651163,0.0348837,0.0488372,0.0488372,0.0488372,0.0581395,0.111628
0.0662651,0.0451807,0.0933735,0.0722892,0.0783132,0.0481928,0.0512048,0.105422,0.0421687,0.0421687,0.0572289,0.0421687,0.0662651,0.0753012,0.114458
0.0727273,0.0424242,0.0969697,0.0636364,0.0606061,0.0515152,0.0454545,0.0848485,0.0666667,0.0454545,0.0818182,0.0545455,0.0727273,0.069697,0.0909091
0.054755,0.037464,0.0576369,0.0634006,0.0576369,0.0576369,0.0691643,0.0835735,0.0893372,0.0288184,0.0778098,0.0691643,0.0806916,0.0806916,0.092219
0.0584416,0.0487013,0.0844156,0.0681818,0.0487013,0.0551948,0.0487013,0.0811688,0.0811688,0.0357143,0.0876623,0.0584416,0.0779221,0.0616883,0.103896
0.0819672,0.0491803,0.0409836,0.079235,0.0765027,0.0601093,0.0382514,0.0710382,0.0765027,0.0901639,0.0737705,0.0491803,0.0546448,0.0737705,0.0846995
0.0774411,0.050505,0.026936,0.0639731,0.0538721,0.0538721,0.107744,0.0875421,0.037037,0.0639731,0.107744,0.047138,0.0774411,0.0538721,0.0909091
0.0685358,0.0560748,0.0342679,0.0716511,0.05919,0.0498442,0.105919,0.0809969,0.0529595,0.0747664,0.0872274,0.05919,0.0529595,0.05919,0.0872274
0.0631579,0.0491228,0.0666667,0.0526316,0.0631579,0.0491228,0.119298,0.0947368,0.0385965,0.0561404,0.108772,0.0491228,0.0666667,0.0491228,0.0736842
0.0721311,0.0459016,0.0360656,0.0655738,0.0459016,0.0426229,0.114754,0.0786885,0.0360656,0.0393443,0.0819672,0.0557377,0.0688525,0.0655738,0.15082
0.0517799,0.0355987,0.0453074,0.10356,0.0679612,0.0517799,0.100324,0.0776699,0.0647249,0.038835,0.0938511,0.038835,0.0744337,0.0485437,0.106796
0.0521739,0.0463768,0.0521739,0.0608696,0.0637681,0.0521739,0.0956522,0.0956522,0.0347826,0.0492754,0.0753623,0.0550725,0.0666667,0.0695652,0.130435
0.106383,0.0319149,0.0531915,0.0496454,0.0460993,0.0744681,0.0815603,0.0744681,0.0425532,0.0248227,0.0567376,0.0815603,0.0780142,0.0602837,0.138298
0.0827586,0.037931,0.0517241,0.0758621,0.0344828,0.062069,0.0827586,0.062069,0.0310345,0.0448276,0.0862069,0.0689655,0.0758621,0.0758621,0.127586
0.0899654,0.0380623,0.0622837,0.0657439,0.0484429,0.0795848,0.0726644,0.0726644,0.0380623,0.0380623,0.0449827,0.0968858,0.0657439,0.0588235,0.128028
0.0708447,0.0354223,0.0490463,0.0517711,0.0544959,0.0626703,0.0817439,0.0681199,0.0544959,0.0490463,0.0899183,0.0626703,0.0653951,0.0790191,0.125341
0.0659026,0.0601719,0.0286533,0.0744986,0.0916905,0.0487106,0.0974212,0.0744986,0.0544413,0.0429799,0.0487106,0.0601719,0.0773639,0.0515759,0.123209
0.0522388,0.0690299,0.0634328,0.0615672,0.0858209,0.0391791,0.0914179,0.0783582,0.0671642,0.110075,0.0503731,0.0746269,0.0541045,0.0447761,0.0578358
0.040367,0.0550459,0.0678899,0.0752294,0.0862385,0.0513761,0.093578,0.0788991,0.0697248,0.0972477,0.0550459,0.0623853,0.0495413,0.0623853,0.0550459
0.047619,0.0512821,0.0732601,0.0769231,0.0769231,0.043956,0.0970696,0.0970696,0.0695971,0.0695971,0.0604396,0.0732601,0.047619,0.0586081,0.0567766
0.0401396,0.069808,0.0680628,0.078534,0.08726,0.0418848,0.0802792,0.0750436,0.0715532,0.0802792,0.0506108,0.0663176,0.0628272,0.061082,0.0663176
0.0552677,0.0829016,0.0552677,0.0880829,0.074266,0.0552677,0.0811744,0.0880829,0.074266,0.0708117,0.0690846,0.0708117,0.0397237,0.0466321,0.0483592
0.0815047,0.0250784,0.0815047,0.0626959,0.0626959,0.0407524,0.100313,0.0846395,0.0501567,0.0470219,0.0626959,0.0564263,0.0721003,0.0564263,0.115987
0.0741935,0.0322581,0.0451613,0.0677419,0.0677419,0.0516129,0.129032,0.0774194,0.0806452,0.0387097,0.083871,0.0387097,0.0935484,0.0483871,0.0709677
0.0731707,0.0278746,0.0592334,0.0801394,0.0452962,0.0696864,0.135889,0.0487805,0.0662021,0.0209059,0.0905923,0.0522648,0.0801394,0.0522648,0.097561
0.0576271,0.0305085,0.0644068,0.0745763,0.0474576,0.0338983,0.145763,0.0745763,0.0508475,0.0440678,0.0915254,0.0711864,0.0847458,0.0440678,0.0847458
0.0510949,0.0255474,0.0474453,0.0656934,0.0474453,0.0510949,0.127737,0.080292,0.0729927,0.0291971,0.0985401,0.0729927,0.0729927,0.0620438,0.0948905
0.0864198,0.0617284,0.0411523,0.0946502,0.0411523,0.0823045,0.0987654,0.0699588,0.0493827,0.0411523,0.0946502,0.0699588,0.0576132,0.0534979,0.0576132
0.0810811,0.042471,0.03861,0.0694981,0.050193,0.050193,0.11583,0.0656371,0.0694981,0.042471,0.100386,0.0617761,0.0849421,0.0540541,0.0733591
0.101818,0.0472727,0.0254545,0.0763636,0.0545455,0.0618182,0.0981818,0.0836364,0.0509091,0.0472727,0.0981818,0.0436364,0.0727273,0.0581818,0.08
0.0839695,0.0343511,0.0381679,0.0954198,0.0572519,0.0496183,0.103053,0.0610687,0.0534351,0.0572519,0.0839695,0.0725191,0.0725191,0.0648855,0.0725191
0.0871212,0.0189394,0.0416667,0.0871212,0.0416667,0.0568182,0.102273,0.0795455,0.0530303,0.0530303,0.113636,0.0492424,0.0606061,0.0606061,0.094697
0.0671463,0.0431655,0.0671463,0.0503597,0.0983213,0.0671463,0.0815348,0.088729,0.0671463,0.0551559,0.0479616,0.0815348,0.0431655,0.0383693,0.103118
0.0471698,0.0589623,0.0613208,0.0636792,0.103774,0.0471698,0.0896226,0.0943396,0.0754717,0.0448113,0.0471698,0.0872642,0.0400943,0.0518868,0.0872642
